# Region type : patch inlet
# Faces         : 1620
# Area          : 5.00000000e-04
# Scale factor  : 1.00000000e+00
# Time          	areaAverage(p_rgh)
100             	2.71879179e-03
200             	2.78000914e-03
300             	2.88318987e-03
400             	3.04333961e-03
500             	3.14271541e-03
600             	3.24817818e-03
700             	3.36049667e-03
800             	3.46512266e-03
900             	3.60917029e-03
1000            	3.67058345e-03
1100            	3.70579955e-03
1200            	3.71564370e-03
1300            	3.71292907e-03
1400            	3.67970534e-03
1500            	3.70443588e-03
1600            	3.71356449e-03
1700            	3.68092598e-03
1800            	3.71134527e-03
1900            	3.70982032e-03
2000            	3.68413925e-03
2100            	3.67533657e-03
2200            	3.69351462e-03
2300            	3.68236517e-03
2400            	3.70917285e-03
2500            	3.71178989e-03
2600            	3.69936749e-03
2700            	3.72640231e-03
2800            	3.71076351e-03
2900            	3.69110309e-03
3000            	3.71139333e-03
3100            	3.74883841e-03
3200            	3.75721748e-03
3300            	3.69710550e-03
3400            	3.74350794e-03
3500            	3.71450956e-03
3600            	3.71829718e-03
3700            	3.71950324e-03
3800            	3.72602061e-03
3900            	3.73595092e-03
4000            	3.72012644e-03
4100            	3.71062239e-03
4200            	3.71167567e-03
4300            	3.73374922e-03
4400            	3.71092205e-03
4500            	3.69004323e-03
4600            	3.71368148e-03
4700            	3.71764622e-03
4800            	3.72531700e-03
4900            	3.69387069e-03
5000            	3.69708455e-03
5100            	3.70115918e-03
5200            	3.71070639e-03
5300            	3.74659911e-03
5400            	3.71872617e-03
5500            	3.69902423e-03
5600            	3.72206897e-03
5700            	3.72769790e-03
5800            	3.71446030e-03
5900            	3.73007511e-03
6000            	3.73511237e-03
6100            	3.71532168e-03
6200            	3.67675264e-03
6300            	3.71788440e-03
6400            	3.70592331e-03
6500            	3.71673690e-03
6600            	3.70272395e-03
6700            	3.71421881e-03
6800            	3.66938795e-03
6900            	3.71751130e-03
7000            	3.73127332e-03
7100            	3.69783317e-03
7200            	3.73723792e-03
7300            	3.69911909e-03
7400            	3.72594233e-03
7500            	3.70109266e-03
7600            	3.71021572e-03
7700            	3.70097277e-03
7800            	3.69339566e-03
7900            	3.69932556e-03
8000            	3.71821636e-03
8100            	3.70203881e-03
8200            	3.67084188e-03
8300            	3.70514658e-03
8400            	3.72350902e-03
8500            	3.70295803e-03
8600            	3.71636999e-03
8700            	3.71865107e-03
8800            	3.71273533e-03
8900            	3.71704656e-03
9000            	3.71228368e-03
9100            	3.70999806e-03
9200            	3.70866450e-03
9300            	3.67770251e-03
9400            	3.69603087e-03
9500            	3.70225050e-03
9600            	3.71861918e-03
9700            	3.72406764e-03
9800            	3.72037927e-03
9900            	3.73007963e-03
10000           	3.71235844e-03
