# Region type : patch inlet
# Faces         : 1620
# Area          : 5.00000000e-04
# Scale factor  : 1.00000000e+00
# Time          	sum(phi)
6100            	-7.31400000e-04
6200            	-7.31400000e-04
6300            	-7.31400000e-04
6400            	-7.31400000e-04
6500            	-7.31400000e-04
6600            	-7.31400000e-04
6700            	-7.31400000e-04
6800            	-7.31400000e-04
6900            	-7.31400000e-04
7000            	-7.31400000e-04
7100            	-7.31400000e-04
7200            	-7.31400000e-04
7300            	-7.31400000e-04
7400            	-7.31400000e-04
7500            	-7.31400000e-04
7600            	-7.31400000e-04
7700            	-7.31400000e-04
7800            	-7.31400000e-04
7900            	-7.31400000e-04
8000            	-7.31400000e-04
8100            	-7.31400000e-04
8200            	-7.31400000e-04
8300            	-7.31400000e-04
8400            	-7.31400000e-04
8500            	-7.31400000e-04
8600            	-7.31400000e-04
8700            	-7.31400000e-04
8800            	-7.31400000e-04
8900            	-7.31400000e-04
9000            	-7.31400000e-04
9100            	-7.31400000e-04
9200            	-7.31400000e-04
9300            	-7.31400000e-04
9400            	-7.31400000e-04
9500            	-7.31400000e-04
9600            	-7.31400000e-04
9700            	-7.31400000e-04
9800            	-7.31400000e-04
9900            	-7.31400000e-04
10000           	-7.31400000e-04
