# Region type : patch inlet
# Faces         : 1620
# Area          : 5.00000000e-04
# Scale factor  : 1.00000000e+00
# Time          	areaAverage(p)
6100            	1.00001975e+05
6200            	1.00001978e+05
6300            	1.00001979e+05
6400            	1.00001980e+05
6500            	1.00001981e+05
6600            	1.00001982e+05
6700            	1.00001982e+05
6800            	1.00001981e+05
6900            	1.00001979e+05
7000            	1.00001981e+05
7100            	1.00001980e+05
7200            	1.00001980e+05
7300            	1.00001980e+05
7400            	1.00001980e+05
7500            	1.00001980e+05
7600            	1.00001980e+05
7700            	1.00001980e+05
7800            	1.00001980e+05
7900            	1.00001980e+05
8000            	1.00001980e+05
8100            	1.00001980e+05
8200            	1.00001980e+05
8300            	1.00001980e+05
8400            	1.00001980e+05
8500            	1.00001980e+05
8600            	1.00001981e+05
8700            	1.00001981e+05
8800            	1.00001980e+05
8900            	1.00001981e+05
9000            	1.00001980e+05
9100            	1.00001981e+05
9200            	1.00001980e+05
9300            	1.00001980e+05
9400            	1.00001981e+05
9500            	1.00001980e+05
9600            	1.00001981e+05
9700            	1.00001980e+05
9800            	1.00001981e+05
9900            	1.00001980e+05
10000           	1.00001981e+05
