# Region type : patch coldPlate
# Faces       : 2212
# Area        : 2.431262e-01
# Scale factor: 1.000000e+00
# Time        	areaIntegrate(wallHeatFlux)
50            	-3.151994e-01
100           	-3.151861e-01
150           	-3.151773e-01
200           	-3.151690e-01
250           	-3.151615e-01
300           	-3.151592e-01
350           	-3.151591e-01
400           	-3.151587e-01
450           	-3.151584e-01
500           	-3.151582e-01
550           	-3.151581e-01
600           	-3.151580e-01
650           	-3.151580e-01
700           	-3.151580e-01
750           	-3.151579e-01
800           	-3.151579e-01
850           	-3.151579e-01
900           	-3.151579e-01
950           	-3.151579e-01
1000          	-3.151579e-01
1050          	-3.151579e-01
1100          	-3.151579e-01
1150          	-3.151579e-01
1200          	-3.151579e-01
1250          	-3.151579e-01
1300          	-3.151579e-01
1350          	-3.151579e-01
1400          	-3.151579e-01
1450          	-3.151579e-01
1500          	-3.151579e-01
1550          	-3.151579e-01
1600          	-3.151579e-01
1650          	-3.151579e-01
1700          	-3.151579e-01
1750          	-3.151579e-01
1800          	-3.151579e-01
1850          	-3.151579e-01
1900          	-3.151579e-01
1950          	-3.151579e-01
2000          	-3.151579e-01
2050          	-3.151579e-01
2100          	-3.151579e-01
2150          	-3.151579e-01
2200          	-3.151579e-01
2250          	-3.151579e-01
2300          	-3.151579e-01
2350          	-3.151579e-01
2400          	-3.151579e-01
2450          	-3.151579e-01
2500          	-3.151579e-01
2550          	-3.151579e-01
2600          	-3.151579e-01
2650          	-3.151579e-01
2700          	-3.151579e-01
2750          	-3.151579e-01
2800          	-3.151579e-01
2850          	-3.151579e-01
2900          	-3.151579e-01
