0 	66.91551
5.0251256e-05 	66.176362
0.00010050251 	65.437214
0.00015075377 	64.698066
0.00020100503 	63.958917
0.00025125628 	63.219769
0.00030150754 	62.515217
0.00035175879 	61.875725
0.00040201005 	61.236233
0.00045226131 	60.596741
0.00050251256 	59.957249
0.00055276382 	59.317757
0.00060301508 	58.678264
0.00065326633 	58.038772
0.00070351759 	57.435551
0.00075376884 	56.936584
0.0008040201 	56.437616
0.00085427136 	55.938648
0.00090452261 	55.439681
0.00095477387 	54.940713
0.0010050251 	54.441746
0.0010552764 	53.942778
0.0011055276 	53.44381
0.0011557789 	52.944843
0.0012060302 	52.445875
0.0012562814 	51.946907
0.0013065327 	51.606625
0.0013567839 	51.340013
0.0014070352 	51.073402
0.0014572864 	50.80679
0.0015075377 	50.540178
0.0015577889 	50.273567
0.0016080402 	50.006955
0.0016582915 	49.740343
0.0017085427 	49.473732
0.001758794 	49.20712
0.0018090452 	48.940508
0.0018592965 	48.673897
0.0019095477 	48.407285
0.001959799 	48.140673
0.0020100503 	47.874062
0.0020603015 	47.60745
0.0021105528 	47.362993
0.002160804 	47.282201
0.0022110553 	47.201409
0.0022613065 	47.120618
0.0023115578 	47.039826
0.002361809 	46.959034
0.0024120603 	46.878242
0.0024623116 	46.79745
0.0025125628 	46.716659
0.0025628141 	46.635867
0.0026130653 	46.555075
0.0026633166 	46.474283
0.0027135678 	46.393492
0.0027638191 	46.3127
0.0028140704 	46.231908
0.0028643216 	46.151116
0.0029145729 	46.070324
0.0029648241 	45.989533
0.0030150754 	45.908741
0.0030653266 	45.827949
0.0031155779 	45.747157
0.0031658291 	45.666365
0.0032160804 	45.585574
0.0032663317 	45.504782
0.0033165829 	45.452565
0.0033668342 	45.440288
0.0034170854 	45.428011
0.0034673367 	45.415734
0.0035175879 	45.403458
0.0035678392 	45.391181
0.0036180905 	45.378904
0.0036683417 	45.366627
0.003718593 	45.35435
0.0037688442 	45.342073
0.0038190955 	45.329796
0.0038693467 	45.317519
0.003919598 	45.305242
0.0039698492 	45.292966
0.0040201005 	45.280689
0.0040703518 	45.268412
0.004120603 	45.256135
0.0041708543 	45.243858
0.0042211055 	45.231581
0.0042713568 	45.219304
0.004321608 	45.207027
0.0043718593 	45.19475
0.0044221106 	45.182474
0.0044723618 	45.170197
0.0045226131 	45.15792
0.0045728643 	45.145643
0.0046231156 	45.133366
0.0046733668 	45.121089
0.0047236181 	45.108812
0.0047738693 	45.096535
0.0048241206 	45.084258
0.0048743719 	45.071982
0.0049246231 	45.059705
0.0049748744 	45.047428
0.0050251256 	45.040712
0.0050753769 	45.039556
0.0051256281 	45.038401
0.0051758794 	45.037246
0.0052261307 	45.03609
0.0052763819 	45.034935
0.0053266332 	45.03378
0.0053768844 	45.032625
0.0054271357 	45.031469
0.0054773869 	45.030314
0.0055276382 	45.029159
0.0055778894 	45.028003
0.0056281407 	45.026848
0.005678392 	45.025693
0.0057286432 	45.024537
0.0057788945 	45.023382
0.0058291457 	45.022227
0.005879397 	45.021071
0.0059296482 	45.019916
0.0059798995 	45.018761
0.0060301508 	45.017606
0.006080402 	45.01645
0.0061306533 	45.015295
0.0061809045 	45.01414
0.0062311558 	45.012984
0.006281407 	45.011829
0.0063316583 	45.010674
0.0063819095 	45.009518
0.0064321608 	45.008363
0.0064824121 	45.007208
0.0065326633 	45.006052
0.0065829146 	45.004897
0.0066331658 	45.003742
0.0066834171 	45.002587
0.0067336683 	45.002053
0.0067839196 	45.001965
0.0068341709 	45.001877
0.0068844221 	45.001789
0.0069346734 	45.001701
0.0069849246 	45.001613
0.0070351759 	45.001525
0.0070854271 	45.001437
0.0071356784 	45.001349
0.0071859296 	45.001261
0.0072361809 	45.001173
0.0072864322 	45.001084
0.0073366834 	45.000996
0.0073869347 	45.000908
0.0074371859 	45.00082
0.0074874372 	45.000732
0.0075376884 	45.000644
0.0075879397 	45.000556
0.007638191 	45.000468
0.0076884422 	45.00038
0.0077386935 	45.000292
0.0077889447 	45.000204
0.007839196 	45.000116
0.0078894472 	45.000027
0.0079396985 	45.000013
0.0079899497 	45.000009
0.008040201 	45.000005
0.0080904523 	45.000001
0.0081407035 	44.999997
0.0081909548 	44.999992
0.008241206 	44.999988
0.0082914573 	44.999984
0.0083417085 	44.99998
0.0083919598 	44.999976
0.0084422111 	44.999971
0.0084924623 	44.999967
0.0085427136 	44.999963
0.0085929648 	44.999959
0.0086432161 	44.999955
0.0086934673 	44.99995
0.0087437186 	44.999948
0.0087939698 	44.99995
0.0088442211 	44.999951
0.0088944724 	44.999953
0.0089447236 	44.999955
0.0089949749 	44.999956
0.0090452261 	44.999958
0.0090954774 	44.99996
0.0091457286 	44.999961
0.0091959799 	44.999963
0.0092462312 	44.999965
0.0092964824 	44.999966
0.0093467337 	44.999967
0.0093969849 	44.999968
0.0094472362 	44.999969
0.0094974874 	44.999969
0.0095477387 	44.99997
0.0095979899 	44.999971
0.0096482412 	44.999972
0.0096984925 	44.999972
0.0097487437 	44.999973
0.009798995 	44.999973
0.0098492462 	44.999973
0.0098994975 	44.999973
0.0099497487 	44.999973
0.01 	44.999974
