# Region type : patch inlet
# Faces         : 1620
# Area          : 5.00000000e-04
# Scale factor  : 1.00000000e+00
# Time          	areaAverage(p)
100             	1.00001139e+05
200             	1.00001013e+05
300             	1.00001130e+05
400             	1.00001124e+05
500             	1.00001120e+05
600             	1.00001120e+05
700             	1.00001124e+05
800             	1.00001124e+05
900             	1.00001124e+05
1000            	1.00001124e+05
1100            	1.00001124e+05
1200            	1.00001124e+05
1300            	1.00001124e+05
1400            	1.00001124e+05
1500            	1.00001124e+05
1600            	1.00001124e+05
1700            	1.00001124e+05
1800            	1.00001124e+05
1900            	1.00001124e+05
2000            	1.00001124e+05
2100            	1.00001124e+05
2200            	1.00001124e+05
2300            	1.00001124e+05
2400            	1.00001124e+05
2500            	1.00001124e+05
2600            	1.00001124e+05
2700            	1.00001124e+05
2800            	1.00001124e+05
2900            	1.00001124e+05
3000            	1.00001124e+05
3100            	1.00001124e+05
3200            	1.00001124e+05
3300            	1.00001124e+05
3400            	1.00001124e+05
3500            	1.00001124e+05
3600            	1.00001124e+05
3700            	1.00001124e+05
3800            	1.00001124e+05
3900            	1.00001124e+05
4000            	1.00001124e+05
4100            	1.00001124e+05
4200            	1.00001124e+05
4300            	1.00001124e+05
4400            	1.00001124e+05
4500            	1.00001124e+05
4600            	1.00001124e+05
4700            	1.00001124e+05
4800            	1.00001124e+05
4900            	1.00001124e+05
5000            	1.00001124e+05
5100            	1.00001124e+05
5200            	1.00001124e+05
5300            	1.00001124e+05
5400            	1.00001124e+05
5500            	1.00001124e+05
5600            	1.00001124e+05
5700            	1.00001124e+05
5800            	1.00001124e+05
5900            	1.00001124e+05
6000            	1.00001124e+05
