# Region type : patch outlet
# Faces         : 1620
# Area          : 5.00000000e-04
# Scale factor  : 1.00000000e+00
# Time          	areaAverage(p)
100             	9.99996290e+04
200             	9.99996342e+04
300             	9.99996097e+04
400             	9.99996083e+04
500             	9.99996080e+04
600             	9.99996083e+04
700             	9.99996084e+04
800             	9.99996079e+04
900             	9.99996081e+04
1000            	9.99996083e+04
1100            	9.99996080e+04
1200            	9.99996084e+04
1300            	9.99996082e+04
1400            	9.99996081e+04
1500            	9.99996081e+04
1600            	9.99996082e+04
1700            	9.99996082e+04
1800            	9.99996082e+04
1900            	9.99996079e+04
2000            	9.99996081e+04
2100            	9.99996082e+04
2200            	9.99996082e+04
2300            	9.99996084e+04
2400            	9.99996080e+04
2500            	9.99996080e+04
2600            	9.99996082e+04
2700            	9.99996079e+04
2800            	9.99996081e+04
2900            	9.99996080e+04
3000            	9.99996082e+04
3100            	9.99996081e+04
3200            	9.99996079e+04
3300            	9.99996080e+04
3400            	9.99996079e+04
3500            	9.99996078e+04
3600            	9.99996081e+04
3700            	9.99996081e+04
3800            	9.99996081e+04
3900            	9.99996079e+04
4000            	9.99996079e+04
4100            	9.99996082e+04
4200            	9.99996080e+04
4300            	9.99996081e+04
4400            	9.99996080e+04
4500            	9.99996081e+04
4600            	9.99996080e+04
4700            	9.99996081e+04
4800            	9.99996079e+04
4900            	9.99996080e+04
5000            	9.99996081e+04
5100            	9.99996079e+04
5200            	9.99996079e+04
5300            	9.99996081e+04
5400            	9.99996081e+04
5500            	9.99996083e+04
5600            	9.99996078e+04
5700            	9.99996081e+04
5800            	9.99996082e+04
5900            	9.99996081e+04
6000            	9.99996080e+04
6100            	9.99996080e+04
6200            	9.99996081e+04
6300            	9.99996080e+04
6400            	9.99996082e+04
6500            	9.99996081e+04
6600            	9.99996081e+04
6700            	9.99996080e+04
6800            	9.99996081e+04
6900            	9.99996083e+04
7000            	9.99996080e+04
7100            	9.99996080e+04
7200            	9.99996083e+04
7300            	9.99996080e+04
7400            	9.99996082e+04
7500            	9.99996079e+04
7600            	9.99996080e+04
7700            	9.99996081e+04
7800            	9.99996082e+04
7900            	9.99996080e+04
8000            	9.99996081e+04
8100            	9.99996081e+04
8200            	9.99996082e+04
8300            	9.99996082e+04
8400            	9.99996081e+04
8500            	9.99996080e+04
8600            	9.99996081e+04
8700            	9.99996082e+04
8800            	9.99996080e+04
8900            	9.99996081e+04
9000            	9.99996078e+04
9100            	9.99996081e+04
9200            	9.99996079e+04
9300            	9.99996082e+04
9400            	9.99996081e+04
9500            	9.99996083e+04
9600            	9.99996080e+04
9700            	9.99996081e+04
9800            	9.99996081e+04
9900            	9.99996080e+04
10000           	9.99996082e+04
