# Region type : patch inlet
# Faces         : 3645
# Area          : 5.00000000e-04
# Scale factor  : 1.00000000e+00
# Time          	areaAverage(p_rgh)
100             	2.75441451e-03
200             	2.27635475e-03
300             	2.09833133e-03
400             	2.01124563e-03
500             	1.96456134e-03
600             	1.93932812e-03
700             	1.92673156e-03
800             	1.92209489e-03
900             	1.92270454e-03
1000            	1.92686123e-03
1100            	1.93320947e-03
1200            	1.94032087e-03
1300            	1.94747123e-03
1400            	1.95537193e-03
1500            	1.95865067e-03
1600            	1.95811727e-03
1700            	1.95834733e-03
1800            	1.95837860e-03
1900            	1.95839311e-03
2000            	1.95839781e-03
2100            	1.95839950e-03
2200            	1.95840009e-03
2300            	1.95840033e-03
