# Region type : patch outlet
# Faces         : 1620
# Area          : 5.00000000e-04
# Scale factor  : 1.00000000e+00
# Time          	areaAverage(T)
100             	7.70481368e+01
200             	7.71480994e+01
300             	7.72248428e+01
400             	7.73037193e+01
500             	7.73736673e+01
600             	7.74475409e+01
700             	7.75213682e+01
800             	7.75739192e+01
900             	7.76078998e+01
1000            	7.76640386e+01
1100            	7.77222449e+01
1200            	7.77349244e+01
1300            	7.77691200e+01
1400            	7.77570287e+01
1500            	7.77684311e+01
1600            	7.77740874e+01
1700            	7.77843616e+01
1800            	7.77830499e+01
1900            	7.77836788e+01
2000            	7.77810303e+01
2100            	7.77891561e+01
2200            	7.78005421e+01
2300            	7.77986293e+01
2400            	7.78121463e+01
2500            	7.78128790e+01
2600            	7.77847564e+01
2700            	7.77989953e+01
2800            	7.78259072e+01
2900            	7.78143679e+01
3000            	7.78257255e+01
3100            	7.78260224e+01
3200            	7.77851273e+01
3300            	7.78145228e+01
3400            	7.77861636e+01
3500            	7.78072336e+01
3600            	7.78153887e+01
3700            	7.78121754e+01
3800            	7.78169920e+01
3900            	7.78116890e+01
4000            	7.77882208e+01
4100            	7.78317968e+01
4200            	7.77953637e+01
4300            	7.77972763e+01
4400            	7.78072459e+01
4500            	7.77918780e+01
4600            	7.78227584e+01
4700            	7.78108954e+01
4800            	7.78213756e+01
4900            	7.78175160e+01
5000            	7.77985004e+01
5100            	7.78106410e+01
5200            	7.78198904e+01
5300            	7.78121544e+01
5400            	7.78044857e+01
5500            	7.78160874e+01
5600            	7.78119563e+01
5700            	7.78127971e+01
5800            	7.78178132e+01
5900            	7.78039309e+01
6000            	7.78095150e+01
6100            	7.78020742e+01
6200            	7.77824760e+01
6300            	7.77772155e+01
6400            	7.78092581e+01
6500            	7.78118085e+01
6600            	7.78106628e+01
6700            	7.78042025e+01
6800            	7.77866957e+01
6900            	7.78135517e+01
7000            	7.78062440e+01
7100            	7.78084434e+01
7200            	7.78094805e+01
7300            	7.78017705e+01
7400            	7.78182317e+01
7500            	7.78078420e+01
7600            	7.78033980e+01
7700            	7.78226381e+01
7800            	7.77940596e+01
7900            	7.78152940e+01
8000            	7.78082337e+01
8100            	7.78147566e+01
8200            	7.77878203e+01
8300            	7.78008387e+01
8400            	7.78033921e+01
8500            	7.78169081e+01
8600            	7.78034521e+01
8700            	7.77965994e+01
8800            	7.78093267e+01
8900            	7.78175118e+01
9000            	7.78003534e+01
9100            	7.77975096e+01
9200            	7.77986631e+01
9300            	7.78107002e+01
9400            	7.78333807e+01
9500            	7.77880867e+01
9600            	7.78131611e+01
9700            	7.78060495e+01
9800            	7.77959159e+01
9900            	7.77703311e+01
10000           	7.78145336e+01
