0.0005 	45
0.0015 	44.999999
0.0025 	44.999999
0.0035 	44.999998
0.0045 	44.999998
0.0055 	44.999998
0.0065 	44.999999
0.0075 	45.000003
0.0085 	45.00001
0.0095 	45.000025
0.0105 	45.000046
0.0115 	45.000071
0.0125 	45.000122
0.0135 	45.000187
0.0145 	45.000291
0.0155 	45.000423
0.0165 	45.000584
0.0175 	45.000813
0.0185 	45.001072
0.0195 	45.001411
0.0205 	45.001813
0.0215 	45.002277
0.0225 	45.002859
0.0235 	45.003493
0.0245 	45.00427
0.0255 	45.005141
0.0265 	45.006107
0.0275 	45.007256
0.0285 	45.008481
0.0295 	45.009904
0.0305 	45.011462
0.0315 	45.013153
0.0325 	45.015083
0.0335 	45.017113
0.0345 	45.019406
0.0355 	45.021865
0.0365 	45.024489
0.0375 	45.027414
0.0385 	45.030461
0.0395 	45.033823
0.0405 	45.037384
0.0415 	45.041147
0.0425 	45.045257
0.0435 	45.04951
0.0445 	45.05413
0.0455 	45.058976
0.0465 	45.06405
0.0475 	45.069519
0.0485 	45.075149
0.0495 	45.081184
0.0505 	45.087472
0.0515 	45.094014
0.0525 	45.100984
0.0535 	45.10813
0.0545 	45.115719
0.0555 	45.123579
0.0565 	45.131709
0.0575 	45.140303
0.0585 	45.149084
0.0595 	45.158332
0.0605 	45.167868
0.0615 	45.177693
0.0625 	45.188
0.0635 	45.198503
0.0645 	45.2095
0.0655 	45.220793
0.0665 	45.232383
0.0675 	45.244477
0.0685 	45.256773
0.0695 	45.269572
0.0705 	45.282677
0.0715 	45.29609
0.0725 	45.310012
0.0735 	45.324138
0.0745 	45.338782
0.0755 	45.353732
0.0765 	45.36899
0.0775 	45.384767
0.0785 	45.40075
0.0795 	45.417246
0.0805 	45.434053
0.0815 	45.451173
0.0825 	45.468803
0.0835 	45.486639
0.0845 	45.504994
0.0855 	45.523653
0.0865 	45.542617
0.0875 	45.562096
0.0885 	45.581778
0.0895 	45.601962
0.0905 	45.622453
0.0915 	45.64325
0.0925 	45.664542
0.0935 	45.686034
0.0945 	45.70803
0.0955 	45.730319
0.0965 	45.752899
0.0975 	45.775977
0.0985 	45.79925
0.0995 	45.823
0.1005 	45.847044
0.1015 	45.87138
0.1025 	45.896183
0.1035 	45.921175
0.1045 	45.946647
0.1055 	45.972392
0.1065 	45.998411
0.1075 	46.024898
0.1085 	46.051567
0.1095 	46.07868
0.1105 	46.106068
0.1115 	46.13373
0.1125 	46.161823
0.1135 	46.190091
0.1145 	46.218805
0.1155 	46.247769
0.1165 	46.276983
0.1175 	46.306632
0.1185 	46.336448
0.1195 	46.366667
0.1205 	46.397139
0.1215 	46.427865
0.1225 	46.458978
0.1235 	46.49025
0.1245 	46.521933
0.1255 	46.553839
0.1265 	46.585969
0.1275 	46.618496
0.1285 	46.651175
0.1295 	46.684211
0.1305 	46.717477
0.1315 	46.750975
0.1325 	46.784815
0.1335 	46.818797
0.1345 	46.853153
0.1355 	46.887704
0.1365 	46.922451
0.1375 	46.957558
0.1385 	46.9928
0.1395 	47.028351
0.1405 	47.064113
0.1415 	47.100083
0.1425 	47.136348
0.1435 	47.172739
0.1445 	47.209467
0.1455 	47.246363
0.1465 	47.283425
0.1475 	47.320813
0.1485 	47.358319
0.1495 	47.396088
0.1505 	47.434044
0.1515 	47.47219
0.1525 	47.510583
0.1535 	47.549085
0.1545 	47.587892
0.1555 	47.626836
0.1565 	47.665919
0.1575 	47.705296
0.1585 	47.744775
0.1595 	47.784468
0.1605 	47.824331
0.1615 	47.864365
0.1625 	47.904597
0.1635 	47.944924
0.1645 	47.985526
0.1655 	48.026238
0.1665 	48.067059
0.1675 	48.108146
0.1685 	48.14932
0.1695 	48.190661
0.1705 	48.232156
0.1715 	48.273807
0.1725 	48.315608
0.1735 	48.35749
0.1745 	48.399623
0.1755 	48.441836
0.1765 	48.48413
0.1775 	48.526669
0.1785 	48.56928
0.1795 	48.61201
0.1805 	48.654883
0.1815 	48.6979
0.1825 	48.741018
0.1835 	48.784203
0.1845 	48.827624
0.1855 	48.871095
0.1865 	48.914616
0.1875 	48.958369
0.1885 	49.002181
0.1895 	49.046062
0.1905 	49.090079
0.1915 	49.134233
0.1925 	49.178438
0.1935 	49.222697
0.1945 	49.267183
0.1955 	49.311689
0.1965 	49.356214
0.1975 	49.400966
0.1985 	49.445765
0.1995 	49.490578
0.2005 	49.535527
0.2015 	49.580612
0.2025 	49.625692
0.2035 	49.670818
0.2045 	49.716171
0.2055 	49.76151
0.2065 	49.806834
0.2075 	49.85239
0.2085 	49.897984
0.2095 	49.943533
0.2105 	49.989223
0.2115 	50.035056
0.2125 	50.080823
0.2135 	50.126626
0.2145 	50.17267
0.2155 	50.218663
0.2165 	50.264603
0.2175 	50.310792
0.2185 	50.35701
0.2195 	50.403118
0.2205 	50.449381
0.2215 	50.495799
0.2225 	50.542085
0.2235 	50.588397
0.2245 	50.634978
0.2255 	50.681465
0.2265 	50.727858
0.2275 	50.77453
0.2285 	50.821222
0.2295 	50.867734
0.2305 	50.91442
0.2315 	50.961282
0.2325 	51.007937
0.2335 	51.054612
0.2345 	51.101594
0.2355 	51.148435
0.2365 	51.195136
0.2375 	51.242161
0.2385 	51.289199
0.2395 	51.335971
0.2405 	51.382951
0.2415 	51.430138
0.2425 	51.477027
0.2435 	51.52393
0.2445 	51.571204
0.2455 	51.618277
0.2465 	51.665149
0.2475 	51.71242
0.2485 	51.759695
0.2495 	51.806597
0.2505 	51.853756
0.2515 	51.901173
0.2525 	51.948175
0.2535 	51.995186
0.2545 	52.042661
0.2555 	52.08986
0.2565 	52.136782
0.2575 	52.184206
0.2585 	52.23163
0.2595 	52.278544
0.2605 	52.325785
0.2615 	52.373351
0.2625 	52.420359
0.2635 	52.467373
0.2645 	52.514972
0.2655 	52.562206
0.2665 	52.609074
0.2675 	52.656573
0.2685 	52.704066
0.2695 	52.750897
0.2705 	52.798133
0.2715 	52.845773
0.2725 	52.892705
0.2735 	52.939638
0.2745 	52.98728
0.2755 	53.034475
0.2765 	53.081223
0.2775 	53.128711
0.2785 	53.176189
0.2795 	53.222879
0.2805 	53.270045
0.2815 	53.317689
0.2825 	53.364459
0.2835 	53.411233
0.2845 	53.458911
0.2855 	53.505988
0.2865 	53.552465
0.2875 	53.599956
0.2885 	53.647434
0.2895 	53.693833
0.2905 	53.740863
0.2915 	53.788524
0.2925 	53.835082
0.2935 	53.881633
0.2945 	53.929252
0.2955 	53.976172
0.2965 	54.022393
0.2975 	54.071848
0.2985 	54.120567
0.2995 	54.162371
