0 	84.605984
5.0251256e-05 	84.093192
0.00010050251 	83.5804
0.00015075377 	83.067607
0.00020100503 	82.557116
0.00025125628 	82.058625
0.00030150754 	81.560134
0.00035175879 	81.061643
0.00040201005 	80.563152
0.00045226131 	80.061811
0.00050251256 	79.55536
0.00055276382 	79.04891
0.00060301508 	78.542459
0.00065326633 	78.036008
0.00070351759 	77.529558
0.00075376884 	77.021883
0.0008040201 	76.511933
0.00085427136 	76.001982
0.00090452261 	75.492032
0.00095477387 	74.982082
0.0010050251 	74.472131
0.0010552764 	73.962181
0.0011055276 	73.45223
0.0011557789 	72.947672
0.0012060302 	72.444197
0.0012562814 	71.940721
0.0013065327 	71.437246
0.0013567839 	70.93377
0.0014070352 	70.430294
0.0014572864 	69.926819
0.0015075377 	69.423343
0.0015577889 	68.919868
0.0016080402 	68.427678
0.0016582915 	67.95051
0.0017085427 	67.473341
0.001758794 	66.996173
0.0018090452 	66.519004
0.0018592965 	66.041836
0.0019095477 	65.564667
0.001959799 	65.087499
0.0020100503 	64.61033
0.0020603015 	64.133162
0.0021105528 	63.655993
0.002160804 	63.178825
0.0022110553 	62.742452
0.0022613065 	62.326671
0.0023115578 	61.91089
0.002361809 	61.495109
0.0024120603 	61.079328
0.0024623116 	60.663547
0.0025125628 	60.247766
0.0025628141 	59.831985
0.0026130653 	59.416204
0.0026633166 	59.000423
0.0027135678 	58.584642
0.0027638191 	58.168861
0.0028140704 	57.75308
0.0028643216 	57.337299
0.0029145729 	56.921518
0.0029648241 	56.609126
0.0030150754 	56.302539
0.0030653266 	55.995952
0.0031155779 	55.689364
0.0031658291 	55.382777
0.0032160804 	55.07619
0.0032663317 	54.769602
0.0033165829 	54.463015
0.0033668342 	54.156428
0.0034170854 	53.84984
0.0034673367 	53.543253
0.0035175879 	53.236666
0.0035678392 	52.930078
0.0036180905 	52.623491
0.0036683417 	52.316904
0.003718593 	52.010316
0.0037688442 	51.703729
0.0038190955 	51.397142
0.0038693467 	51.165331
0.003919598 	50.998648
0.0039698492 	50.831965
0.0040201005 	50.665283
0.0040703518 	50.4986
0.004120603 	50.331918
0.0041708543 	50.165235
0.0042211055 	49.998552
0.0042713568 	49.83187
0.004321608 	49.665187
0.0043718593 	49.498504
0.0044221106 	49.331822
0.0044723618 	49.165139
0.0045226131 	48.998457
0.0045728643 	48.831774
0.0046231156 	48.665091
0.0046733668 	48.498409
0.0047236181 	48.331726
0.0047738693 	48.165043
0.0048241206 	47.998361
0.0048743719 	47.831678
0.0049246231 	47.664996
0.0049748744 	47.498313
0.0050251256 	47.379146
0.0050753769 	47.307494
0.0051256281 	47.235842
0.0051758794 	47.16419
0.0052261307 	47.092538
0.0052763819 	47.020886
0.0053266332 	46.949234
0.0053768844 	46.877583
0.0054271357 	46.805931
0.0054773869 	46.734279
0.0055276382 	46.662627
0.0055778894 	46.590975
0.0056281407 	46.519323
0.005678392 	46.447671
0.0057286432 	46.376019
0.0057788945 	46.304367
0.0058291457 	46.232716
0.005879397 	46.161064
0.0059296482 	46.089412
0.0059798995 	46.01776
0.0060301508 	45.946108
0.006080402 	45.874456
0.0061306533 	45.802804
0.0061809045 	45.751718
0.0062311558 	45.724242
0.006281407 	45.696766
0.0063316583 	45.66929
0.0063819095 	45.641814
0.0064321608 	45.614339
0.0064824121 	45.586863
0.0065326633 	45.559387
0.0065829146 	45.531911
0.0066331658 	45.504435
0.0066834171 	45.476959
0.0067336683 	45.449483
0.0067839196 	45.422008
0.0068341709 	45.394532
0.0068844221 	45.367056
0.0069346734 	45.33958
0.0069849246 	45.312104
0.0070351759 	45.284628
0.0070854271 	45.258067
0.0071356784 	45.247786
0.0071859296 	45.237504
0.0072361809 	45.227223
0.0072864322 	45.216942
0.0073366834 	45.20666
0.0073869347 	45.196379
0.0074371859 	45.186098
0.0074874372 	45.175817
0.0075376884 	45.165535
0.0075879397 	45.155254
0.007638191 	45.144973
0.0076884422 	45.134692
0.0077386935 	45.12441
0.0077889447 	45.114129
0.007839196 	45.105921
0.0078894472 	45.101819
0.0079396985 	45.097718
0.0079899497 	45.093616
0.008040201 	45.089515
0.0080904523 	45.085414
0.0081407035 	45.081312
0.0081909548 	45.077211
0.008241206 	45.073109
0.0082914573 	45.069008
0.0083417085 	45.064906
0.0083919598 	45.060805
0.0084422111 	45.058116
0.0084924623 	45.056489
0.0085427136 	45.054863
0.0085929648 	45.053236
0.0086432161 	45.051609
0.0086934673 	45.049982
0.0087437186 	45.048355
0.0087939698 	45.046728
0.0088442211 	45.045101
0.0088944724 	45.043661
0.0089447236 	45.043148
0.0089949749 	45.042635
0.0090452261 	45.042123
0.0090954774 	45.04161
0.0091457286 	45.041097
0.0091959799 	45.040585
0.0092462312 	45.040072
0.0092964824 	45.039883
0.0093467337 	45.039867
0.0093969849 	45.039851
0.0094472362 	45.039836
0.0094974874 	45.03982
0.0095477387 	45.039805
0.0095979899 	45.039886
0.0096482412 	45.040021
0.0096984925 	45.040157
0.0097487437 	45.040292
0.009798995 	45.040427
0.0098492462 	45.040515
0.0098994975 	45.040593
0.0099497487 	45.040671
0.01 	45.040748
