0.0005 	45.286057
0.0015 	45.918162
0.0025 	46.896221
0.0035 	47.901452
0.0045 	48.772617
0.0055 	49.630527
0.0065 	50.385853
0.0075 	51.07769
0.0085 	51.738246
0.0095 	52.330194
0.0105 	52.899144
0.0115 	53.437661
0.0125 	53.940603
0.0135 	54.429751
0.0145 	54.88862
0.0155 	55.333151
0.0165 	55.763184
0.0175 	56.172799
0.0185 	56.574583
0.0195 	56.959992
0.0205 	57.335613
0.0215 	57.702825
0.0225 	58.056697
0.0235 	58.405323
0.0245 	58.743468
0.0255 	59.074414
0.0265 	59.399971
0.0275 	59.715809
0.0285 	60.027804
0.0295 	60.332696
0.0305 	60.631816
0.0315 	60.927111
0.0325 	61.214914
0.0335 	61.499676
0.0345 	61.779102
0.0355 	62.053748
0.0365 	62.325567
0.0375 	62.5913
0.0385 	62.85451
0.0395 	63.113521
0.0405 	63.368437
0.0415 	63.621179
0.0425 	63.868711
0.0435 	64.114088
0.0445 	64.356144
0.0455 	64.594551
0.0465 	64.831182
0.0475 	65.06334
0.0485 	65.293613
0.0495 	65.521108
0.0505 	65.745337
0.0515 	65.968112
0.0525 	66.186939
0.0535 	66.404091
0.0545 	66.618905
0.0555 	66.830754
0.0565 	67.041381
0.0575 	67.248482
0.0585 	67.454076
0.0595 	67.657662
0.0605 	67.858533
0.0615 	68.058365
0.0625 	68.255011
0.0635 	68.450288
0.0645 	68.643825
0.0655 	68.834858
0.0665 	69.024993
0.0675 	69.21223
0.0685 	69.398215
0.0695 	69.582671
0.0705 	69.764811
0.0715 	69.94617
0.0725 	70.124874
0.0735 	70.302428
0.0745 	70.478632
0.0755 	70.652683
0.0765 	70.826049
0.0775 	70.996976
0.0785 	71.16684
0.0795 	71.335504
0.0805 	71.502161
0.0815 	71.668214
0.0825 	71.832016
0.0835 	71.994832
0.0845 	72.156575
0.0855 	72.316442
0.0865 	72.475776
0.0875 	72.633018
0.0885 	72.789344
0.0895 	72.944714
0.0905 	73.098318
0.0915 	73.251443
0.0925 	73.402635
0.0935 	73.552971
0.0945 	73.702433
0.0955 	73.850245
0.0965 	73.997638
0.0975 	74.143208
0.0985 	74.287976
0.0995 	74.431971
0.1005 	74.574408
0.1015 	74.716468
0.1025 	74.856808
0.1035 	74.996396
0.1045 	75.135287
0.1055 	75.272708
0.1065 	75.409789
0.1075 	75.545285
0.1085 	75.680075
0.1095 	75.814216
0.1105 	75.946964
0.1115 	76.079405
0.1125 	76.210353
0.1135 	76.340636
0.1145 	76.470331
0.1155 	76.598702
0.1165 	76.726792
0.1175 	76.853478
0.1185 	76.979537
0.1195 	77.105069
0.1205 	77.229347
0.1215 	77.353375
0.1225 	77.47607
0.1235 	77.598169
0.1245 	77.719774
0.1255 	77.840193
0.1265 	77.960388
0.1275 	78.079326
0.1285 	78.197702
0.1295 	78.315631
0.1305 	78.432424
0.1315 	78.549011
0.1325 	78.664411
0.1335 	78.779276
0.1345 	78.893724
0.1355 	79.007091
0.1365 	79.12027
0.1375 	79.232327
0.1385 	79.343875
0.1395 	79.45504
0.1405 	79.565175
0.1415 	79.67514
0.1425 	79.78404
0.1435 	79.892457
0.1445 	80.000518
0.1455 	80.107592
0.1465 	80.214512
0.1475 	80.32042
0.1485 	80.425867
0.1495 	80.530989
0.1505 	80.635168
0.1515 	80.739206
0.1525 	80.842278
0.1535 	80.944911
0.1545 	81.047243
0.1555 	81.148671
0.1565 	81.249972
0.1575 	81.350354
0.1585 	81.450316
0.1595 	81.549998
0.1605 	81.648814
0.1615 	81.747515
0.1625 	81.845337
0.1635 	81.942758
0.1645 	82.039922
0.1655 	82.136252
0.1665 	82.232477
0.1675 	82.327865
0.1685 	82.422869
0.1695 	82.517632
0.1705 	82.611597
0.1715 	82.705467
0.1725 	82.798533
0.1735 	82.891232
0.1745 	82.98371
0.1755 	83.075418
0.1765 	83.167039
0.1775 	83.257894
0.1785 	83.348395
0.1795 	83.43869
0.1805 	83.528245
0.1815 	83.617723
0.1825 	83.706463
0.1835 	83.794864
0.1845 	83.883077
0.1855 	83.970575
0.1865 	84.058001
0.1875 	84.144724
0.1885 	84.23112
0.1895 	84.317337
0.1905 	84.402869
0.1915 	84.488337
0.1925 	84.573125
0.1935 	84.6576
0.1945 	84.741914
0.1955 	84.825562
0.1965 	84.90915
0.1975 	84.992091
0.1985 	85.07473
0.1995 	85.157213
0.2005 	85.239058
0.2015 	85.320853
0.2025 	85.402018
0.2035 	85.482891
0.2045 	85.563629
0.2055 	85.643744
0.2065 	85.723809
0.2075 	85.803277
0.2085 	85.882465
0.2095 	85.961515
0.2105 	86.039971
0.2115 	86.118389
0.2125 	86.196219
0.2135 	86.27378
0.2145 	86.351226
0.2155 	86.428087
0.2165 	86.504907
0.2175 	86.581177
0.2185 	86.657184
0.2195 	86.73307
0.2205 	86.808401
0.2215 	86.883706
0.2225 	86.958459
0.2235 	87.032961
0.2245 	87.107371
0.2255 	87.181229
0.2265 	87.25505
0.2275 	87.328366
0.2285 	87.401436
0.2295 	87.474395
0.2305 	87.546838
0.2315 	87.619265
0.2325 	87.691172
0.2335 	87.762843
0.2345 	87.834445
0.2355 	87.905522
0.2365 	87.976565
0.2375 	88.047147
0.2385 	88.1175
0.2395 	88.187743
0.2405 	88.257509
0.2415 	88.327274
0.2425 	88.396537
0.2435 	88.46558
0.2445 	88.534582
0.2455 	88.603079
0.2465 	88.671538
0.2475 	88.739587
0.2485 	88.807419
0.2495 	88.875135
0.2505 	88.942415
0.2515 	89.009714
0.2525 	89.076514
0.2535 	89.14311
0.2545 	89.209706
0.2555 	89.275803
0.2565 	89.341848
0.2575 	89.40755
0.2585 	89.473046
0.2595 	89.538394
0.2605 	89.603363
0.2615 	89.668384
0.2625 	89.732877
0.2635 	89.797182
0.2645 	89.86156
0.2655 	89.925419
0.2665 	89.989187
0.2675 	90.052725
0.2685 	90.116063
0.2695 	90.179166
0.2705 	90.241984
0.2715 	90.304926
0.2725 	90.367231
0.2735 	90.429365
0.2745 	90.491738
0.2755 	90.5535
0.2765 	90.61507
0.2775 	90.676652
0.2785 	90.738032
0.2795 	90.798929
0.2805 	90.859755
0.2815 	90.920889
0.2825 	90.981031
0.2835 	91.04104
0.2845 	91.101754
0.2855 	91.161525
0.2865 	91.220773
0.2875 	91.280787
0.2885 	91.340551
0.2895 	91.398925
0.2905 	91.457992
0.2915 	91.518082
0.2925 	91.57557
0.2935 	91.633103
0.2945 	91.693599
0.2955 	91.751139
0.2965 	91.806207
0.2975 	91.867571
0.2985 	91.927947
0.2995 	91.978223
