# Region type : patch outlet
# Faces         : 1620
# Area          : 5.00000000e-04
# Scale factor  : 1.00000000e+00
# Time          	areaAverage(T)
100             	5.04823766e+01
200             	5.05641244e+01
300             	4.60070065e+01
400             	4.56929974e+01
500             	4.56929487e+01
600             	4.56946318e+01
700             	4.56960482e+01
800             	4.56967801e+01
900             	4.56968469e+01
1000            	4.56968462e+01
1100            	4.56968353e+01
1200            	4.56968393e+01
1300            	4.56968425e+01
1400            	4.56968454e+01
1500            	4.56968390e+01
1600            	4.56968415e+01
1700            	4.56968428e+01
1800            	4.56968369e+01
1900            	4.56968478e+01
2000            	4.56968363e+01
2100            	4.56968409e+01
2200            	4.56968387e+01
2300            	4.56968419e+01
2400            	4.56968529e+01
2500            	4.56968448e+01
2600            	4.56968391e+01
2700            	4.56968455e+01
2800            	4.56968460e+01
2900            	4.56968351e+01
3000            	4.56968374e+01
3100            	4.56968468e+01
3200            	4.56968375e+01
3300            	4.56968467e+01
3400            	4.56968381e+01
3500            	4.56968437e+01
3600            	4.56968494e+01
3700            	4.56968451e+01
3800            	4.56968444e+01
3900            	4.56968417e+01
4000            	4.56968349e+01
4100            	4.56968335e+01
4200            	4.56968380e+01
4300            	4.56968401e+01
4400            	4.56968455e+01
4500            	4.56968381e+01
4600            	4.56968392e+01
4700            	4.56968416e+01
4800            	4.56968424e+01
4900            	4.56968421e+01
5000            	4.56968415e+01
5100            	4.56968390e+01
5200            	4.56968442e+01
5300            	4.56968433e+01
5400            	4.56968392e+01
5500            	4.56968332e+01
5600            	4.56968451e+01
5700            	4.56968441e+01
5800            	4.56968407e+01
5900            	4.56968406e+01
6000            	4.56968389e+01
6100            	4.56968402e+01
6200            	4.56968454e+01
6300            	4.56968373e+01
6400            	4.56968421e+01
6500            	4.56968399e+01
6600            	4.56968409e+01
6700            	4.56968502e+01
6800            	4.56968450e+01
6900            	4.56968454e+01
7000            	4.56968360e+01
7100            	4.56968446e+01
7200            	4.56968339e+01
7300            	4.56968422e+01
7400            	4.56968326e+01
7500            	4.56968471e+01
7600            	4.56968378e+01
7700            	4.56968438e+01
7800            	4.56968416e+01
7900            	4.56968459e+01
8000            	4.56968473e+01
