# Region type : patch inlet
# Faces         : 1620
# Area          : 5.00000000e-04
# Scale factor  : 1.00000000e+00
# Time          	sum(phi)
100             	-2.32645000e-05
200             	-2.32645000e-05
300             	-2.32645000e-05
400             	-2.32645000e-05
500             	-2.32645000e-05
600             	-2.32645000e-05
700             	-2.32645000e-05
800             	-2.32645000e-05
900             	-2.32645000e-05
1000            	-2.32645000e-05
1100            	-2.32645000e-05
1200            	-2.32645000e-05
1300            	-2.32645000e-05
1400            	-2.32645000e-05
1500            	-2.32645000e-05
1600            	-2.32645000e-05
1700            	-2.32645000e-05
1800            	-2.32645000e-05
1900            	-2.32645000e-05
2000            	-2.32645000e-05
2100            	-2.32645000e-05
2200            	-2.32645000e-05
2300            	-2.32645000e-05
2400            	-2.32645000e-05
2500            	-2.32645000e-05
2600            	-2.32645000e-05
2700            	-2.32645000e-05
2800            	-2.32645000e-05
2900            	-2.32645000e-05
3000            	-2.32645000e-05
3100            	-2.32645000e-05
3200            	-2.32645000e-05
3300            	-2.32645000e-05
3400            	-2.32645000e-05
3500            	-2.32645000e-05
3600            	-2.32645000e-05
3700            	-2.32645000e-05
3800            	-2.32645000e-05
3900            	-2.32645000e-05
4000            	-2.32645000e-05
4100            	-2.32645000e-05
4200            	-2.32645000e-05
4300            	-2.32645000e-05
4400            	-2.32645000e-05
4500            	-2.32645000e-05
4600            	-2.32645000e-05
4700            	-2.32645000e-05
4800            	-2.32645000e-05
4900            	-2.32645000e-05
5000            	-2.32645000e-05
5100            	-2.32645000e-05
5200            	-2.32645000e-05
5300            	-2.32645000e-05
5400            	-2.32645000e-05
5500            	-2.32645000e-05
5600            	-2.32645000e-05
5700            	-2.32645000e-05
5800            	-2.32645000e-05
5900            	-2.32645000e-05
6000            	-2.32645000e-05
6100            	-2.32645000e-05
6200            	-2.32645000e-05
6300            	-2.32645000e-05
6400            	-2.32645000e-05
6500            	-2.32645000e-05
6600            	-2.32645000e-05
6700            	-2.32645000e-05
6800            	-2.32645000e-05
6900            	-2.32645000e-05
7000            	-2.32645000e-05
7100            	-2.32645000e-05
7200            	-2.32645000e-05
7300            	-2.32645000e-05
7400            	-2.32645000e-05
7500            	-2.32645000e-05
7600            	-2.32645000e-05
7700            	-2.32645000e-05
7800            	-2.32645000e-05
7900            	-2.32645000e-05
8000            	-2.32645000e-05
8100            	-2.32645000e-05
8200            	-2.32645000e-05
8300            	-2.32645000e-05
8400            	-2.32645000e-05
8500            	-2.32645000e-05
8600            	-2.32645000e-05
8700            	-2.32645000e-05
8800            	-2.32645000e-05
8900            	-2.32645000e-05
9000            	-2.32645000e-05
9100            	-2.32645000e-05
9200            	-2.32645000e-05
9300            	-2.32645000e-05
9400            	-2.32645000e-05
9500            	-2.32645000e-05
9600            	-2.32645000e-05
9700            	-2.32645000e-05
9800            	-2.32645000e-05
9900            	-2.32645000e-05
10000           	-2.32645000e-05
