# Region type : patch heatedWall
# Faces         : 16200
# Area          : 1.50000000e-02
# Scale factor  : 1.00000000e+00
# Time          	areaAverage(T)
100             	6.46381693e+01
200             	6.47495328e+01
300             	6.32387908e+01
400             	6.28192660e+01
500             	6.27198565e+01
600             	6.26784593e+01
700             	6.26558149e+01
800             	6.26476675e+01
900             	6.26474057e+01
1000            	6.26493781e+01
1100            	6.26504420e+01
1200            	6.26508127e+01
1300            	6.26507611e+01
1400            	6.26505024e+01
1500            	6.26506833e+01
1600            	6.26507225e+01
1700            	6.26506480e+01
1800            	6.26507172e+01
1900            	6.26506289e+01
2000            	6.26507308e+01
2100            	6.26508101e+01
2200            	6.26507028e+01
2300            	6.26506788e+01
2400            	6.26505809e+01
2500            	6.26508703e+01
2600            	6.26506209e+01
2700            	6.26506078e+01
2800            	6.26505329e+01
2900            	6.26503979e+01
3000            	6.26506695e+01
3100            	6.26506879e+01
3200            	6.26508085e+01
3300            	6.26506679e+01
3400            	6.26507846e+01
3500            	6.26503621e+01
3600            	6.26507105e+01
3700            	6.26506666e+01
3800            	6.26506704e+01
3900            	6.26508732e+01
4000            	6.26507807e+01
4100            	6.26506327e+01
4200            	6.26507060e+01
4300            	6.26507340e+01
4400            	6.26508465e+01
4500            	6.26504796e+01
4600            	6.26505494e+01
4700            	6.26505781e+01
4800            	6.26505787e+01
4900            	6.26507673e+01
5000            	6.26505188e+01
5100            	6.26506072e+01
5200            	6.26505373e+01
5300            	6.26504530e+01
5400            	6.26506593e+01
5500            	6.26506186e+01
5600            	6.26505420e+01
5700            	6.26507272e+01
5800            	6.26508539e+01
5900            	6.26508742e+01
6000            	6.26506437e+01
6100            	6.26504129e+01
6200            	6.26506235e+01
6300            	6.26506007e+01
6400            	6.26504127e+01
6500            	6.26505153e+01
6600            	6.26505232e+01
6700            	6.26505807e+01
6800            	6.26507659e+01
6900            	6.26507877e+01
7000            	6.26506390e+01
7100            	6.26504668e+01
7200            	6.26507244e+01
7300            	6.26507101e+01
7400            	6.26505691e+01
7500            	6.26507317e+01
7600            	6.26505782e+01
7700            	6.26506100e+01
7800            	6.26505561e+01
7900            	6.26505312e+01
8000            	6.26507560e+01
8100            	6.26506578e+01
8200            	6.26506448e+01
8300            	6.26508156e+01
8400            	6.26506186e+01
8500            	6.26508491e+01
8600            	6.26508126e+01
8700            	6.26506988e+01
8800            	6.26506243e+01
8900            	6.26506296e+01
9000            	6.26506010e+01
9100            	6.26505397e+01
9200            	6.26506169e+01
9300            	6.26506289e+01
9400            	6.26508218e+01
9500            	6.26508366e+01
9600            	6.26508360e+01
9700            	6.26507849e+01
9800            	6.26509486e+01
9900            	6.26507001e+01
10000           	6.26505009e+01
