0.0005 	77.009479
0.0015 	77.031774
0.0025 	77.058633
0.0035 	77.088578
0.0045 	77.11127
0.0055 	77.146836
0.0065 	77.175286
0.0075 	77.210203
0.0085 	77.248011
0.0095 	77.276908
0.0105 	77.315418
0.0115 	77.347987
0.0125 	77.384399
0.0135 	77.422076
0.0145 	77.453933
0.0155 	77.491195
0.0165 	77.524568
0.0175 	77.559749
0.0185 	77.595665
0.0195 	77.627329
0.0205 	77.662391
0.0215 	77.694644
0.0225 	77.727855
0.0235 	77.761525
0.0245 	77.791983
0.0255 	77.824757
0.0265 	77.855426
0.0275 	77.886635
0.0285 	77.91814
0.0295 	77.947171
0.0305 	77.977839
0.0315 	78.006893
0.0325 	78.036247
0.0335 	78.065796
0.0345 	78.093401
0.0355 	78.122195
0.0365 	78.149724
0.0375 	78.177409
0.0385 	78.205226
0.0395 	78.23148
0.0405 	78.258623
0.0415 	78.28475
0.0425 	78.310947
0.0435 	78.337235
0.0445 	78.362238
0.0455 	78.387927
0.0465 	78.41278
0.0475 	78.437652
0.0485 	78.46259
0.0495 	78.486449
0.0505 	78.510852
0.0515 	78.534555
0.0525 	78.558246
0.0535 	78.581985
0.0545 	78.604806
0.0555 	78.628068
0.0565 	78.650734
0.0575 	78.673371
0.0585 	78.696044
0.0595 	78.717922
0.0605 	78.740166
0.0615 	78.761894
0.0625 	78.783582
0.0635 	78.805298
0.0645 	78.826319
0.0655 	78.847649
0.0665 	78.868526
0.0675 	78.88936
0.0685 	78.910215
0.0695 	78.930456
0.0705 	78.950962
0.0715 	78.971068
0.0725 	78.991129
0.0735 	79.011206
0.0745 	79.030736
0.0755 	79.050497
0.0765 	79.069901
0.0775 	79.089259
0.0785 	79.10863
0.0795 	79.12751
0.0805 	79.146592
0.0815 	79.165355
0.0825 	79.184071
0.0835 	79.202799
0.0845 	79.221083
0.0855 	79.239546
0.0865 	79.25772
0.0875 	79.27585
0.0885 	79.293989
0.0895 	79.311725
0.0905 	79.329621
0.0915 	79.347254
0.0925 	79.364844
0.0935 	79.382442
0.0945 	79.399672
0.0955 	79.417045
0.0965 	79.434179
0.0975 	79.451271
0.0985 	79.468369
0.0995 	79.48513
0.1005 	79.502021
0.1015 	79.518692
0.1025 	79.535323
0.1035 	79.55196
0.1045 	79.568287
0.1055 	79.584731
0.1065 	79.600974
0.1075 	79.617178
0.1085 	79.633387
0.1095 	79.649309
0.1105 	79.66534
0.1115 	79.681183
0.1125 	79.69699
0.1135 	79.7128
0.1145 	79.728345
0.1155 	79.743989
0.1165 	79.759459
0.1175 	79.774894
0.1185 	79.790332
0.1195 	79.805522
0.1205 	79.820804
0.1215 	79.835924
0.1225 	79.85101
0.1235 	79.866099
0.1245 	79.880957
0.1255 	79.895899
0.1265 	79.910689
0.1275 	79.925448
0.1285 	79.94021
0.1295 	79.954754
0.1305 	79.969377
0.1315 	79.983859
0.1325 	79.998309
0.1335 	80.012762
0.1345 	80.027011
0.1355 	80.041334
0.1365 	80.055523
0.1375 	80.069683
0.1385 	80.083844
0.1395 	80.097814
0.1405 	80.111852
0.1415 	80.125765
0.1425 	80.13965
0.1435 	80.153536
0.1445 	80.167241
0.1455 	80.18101
0.1465 	80.194661
0.1475 	80.208285
0.1485 	80.22191
0.1495 	80.235363
0.1505 	80.248878
0.1515 	80.262279
0.1525 	80.275656
0.1535 	80.289033
0.1545 	80.302248
0.1555 	80.31552
0.1565 	80.328685
0.1575 	80.341826
0.1585 	80.354968
0.1595 	80.367955
0.1605 	80.380996
0.1615 	80.393936
0.1625 	80.406852
0.1635 	80.419769
0.1645 	80.43254
0.1655 	80.445361
0.1665 	80.458086
0.1675 	80.470788
0.1685 	80.483492
0.1695 	80.496055
0.1705 	80.508666
0.1715 	80.521186
0.1725 	80.533684
0.1735 	80.546183
0.1745 	80.558548
0.1755 	80.570959
0.1765 	80.583283
0.1775 	80.595585
0.1785 	80.607888
0.1795 	80.620063
0.1805 	80.632282
0.1815 	80.644418
0.1825 	80.656533
0.1835 	80.668648
0.1845 	80.680641
0.1855 	80.692676
0.1865 	80.704631
0.1875 	80.716566
0.1885 	80.728502
0.1895 	80.74032
0.1905 	80.752178
0.1915 	80.76396
0.1925 	80.775722
0.1935 	80.787485
0.1945 	80.799135
0.1955 	80.810824
0.1965 	80.822439
0.1975 	80.834035
0.1985 	80.845632
0.1995 	80.857121
0.2005 	80.868647
0.2015 	80.880102
0.2025 	80.891538
0.2035 	80.902975
0.2045 	80.914309
0.2055 	80.925677
0.2065 	80.936977
0.2075 	80.94826
0.2085 	80.959543
0.2095 	80.970726
0.2105 	80.981942
0.2115 	80.993093
0.2125 	81.004228
0.2135 	81.015362
0.2145 	81.0264
0.2155 	81.03747
0.2165 	81.048477
0.2175 	81.059468
0.2185 	81.070459
0.2195 	81.081357
0.2205 	81.092285
0.2215 	81.103153
0.2225 	81.114005
0.2235 	81.124857
0.2245 	81.135619
0.2255 	81.146411
0.2265 	81.157144
0.2275 	81.167862
0.2285 	81.17858
0.2295 	81.189211
0.2305 	81.19987
0.2315 	81.210473
0.2325 	81.221061
0.2335 	81.231649
0.2345 	81.242153
0.2355 	81.252684
0.2365 	81.263161
0.2375 	81.273623
0.2385 	81.284084
0.2395 	81.294465
0.2405 	81.304872
0.2415 	81.315226
0.2425 	81.325566
0.2435 	81.335906
0.2445 	81.346167
0.2455 	81.356454
0.2465 	81.366689
0.2475 	81.37691
0.2485 	81.387132
0.2495 	81.397277
0.2505 	81.407447
0.2515 	81.417567
0.2525 	81.427674
0.2535 	81.43778
0.2545 	81.447813
0.2555 	81.45787
0.2565 	81.467878
0.2575 	81.477873
0.2585 	81.487868
0.2595 	81.497791
0.2605 	81.507737
0.2615 	81.517637
0.2625 	81.527523
0.2635 	81.537409
0.2645 	81.547226
0.2655 	81.557065
0.2665 	81.566859
0.2675 	81.57664
0.2685 	81.58642
0.2695 	81.596134
0.2705 	81.605868
0.2715 	81.615559
0.2725 	81.625237
0.2735 	81.634915
0.2745 	81.644528
0.2755 	81.654161
0.2765 	81.663751
0.2775 	81.673329
0.2785 	81.682906
0.2795 	81.692421
0.2805 	81.701955
0.2815 	81.711447
0.2825 	81.720927
0.2835 	81.730407
0.2845 	81.739825
0.2855 	81.749263
0.2865 	81.758659
0.2875 	81.768044
0.2885 	81.777429
0.2895 	81.786753
0.2905 	81.796094
0.2915 	81.805396
0.2925 	81.814687
0.2935 	81.823975
0.2945 	81.833192
0.2955 	81.842435
0.2965 	81.851648
0.2975 	81.860806
0.2985 	81.869405
0.2995 	81.875196
