# Region type : patch inlet
# Faces         : 3645
# Area          : 5.00000000e-04
# Scale factor  : 1.00000000e+00
# Time          	sum(phi)
100             	-2.32645000e-05
200             	-2.32645000e-05
300             	-2.32645000e-05
400             	-2.32645000e-05
500             	-2.32645000e-05
600             	-2.32645000e-05
700             	-2.32645000e-05
800             	-2.32645000e-05
900             	-2.32645000e-05
1000            	-2.32645000e-05
1100            	-2.32645000e-05
1200            	-2.32645000e-05
1300            	-2.32645000e-05
1400            	-2.32645000e-05
1500            	-2.32645000e-05
1600            	-2.32645000e-05
1700            	-2.32645000e-05
1800            	-2.32645000e-05
1900            	-2.32645000e-05
2000            	-2.32645000e-05
2100            	-2.32645000e-05
2200            	-2.32645000e-05
2300            	-2.32645000e-05
