# Region type : patch inlet
# Faces         : 1620
# Area          : 5.00000000e-04
# Scale factor  : 1.00000000e+00
# Time          	sum(phi)
100             	-5.05750000e-06
200             	-5.05750000e-06
300             	-5.05750000e-06
400             	-5.05750000e-06
500             	-5.05750000e-06
600             	-5.05750000e-06
700             	-5.05750000e-06
800             	-5.05750000e-06
900             	-5.05750000e-06
1000            	-5.05750000e-06
1100            	-5.05750000e-06
1200            	-5.05750000e-06
1300            	-5.05750000e-06
1400            	-5.05750000e-06
1500            	-5.05750000e-06
1600            	-5.05750000e-06
1700            	-5.05750000e-06
1800            	-5.05750000e-06
1900            	-5.05750000e-06
2000            	-5.05750000e-06
2100            	-5.05750000e-06
2200            	-5.05750000e-06
2300            	-5.05750000e-06
2400            	-5.05750000e-06
2500            	-5.05750000e-06
2600            	-5.05750000e-06
2700            	-5.05750000e-06
2800            	-5.05750000e-06
2900            	-5.05750000e-06
3000            	-5.05750000e-06
3100            	-5.05750000e-06
3200            	-5.05750000e-06
3300            	-5.05750000e-06
3400            	-5.05750000e-06
3500            	-5.05750000e-06
3600            	-5.05750000e-06
3700            	-5.05750000e-06
3800            	-5.05750000e-06
3900            	-5.05750000e-06
4000            	-5.05750000e-06
4100            	-5.05750000e-06
4200            	-5.05750000e-06
4300            	-5.05750000e-06
4400            	-5.05750000e-06
4500            	-5.05750000e-06
4600            	-5.05750000e-06
4700            	-5.05750000e-06
4800            	-5.05750000e-06
4900            	-5.05750000e-06
5000            	-5.05750000e-06
5100            	-5.05750000e-06
5200            	-5.05750000e-06
5300            	-5.05750000e-06
5400            	-5.05750000e-06
5500            	-5.05750000e-06
5600            	-5.05750000e-06
5700            	-5.05750000e-06
5800            	-5.05750000e-06
5900            	-5.05750000e-06
6000            	-5.05750000e-06
6100            	-5.05750000e-06
6200            	-5.05750000e-06
6300            	-5.05750000e-06
6400            	-5.05750000e-06
6500            	-5.05750000e-06
6600            	-5.05750000e-06
6700            	-5.05750000e-06
6800            	-5.05750000e-06
6900            	-5.05750000e-06
7000            	-5.05750000e-06
7100            	-5.05750000e-06
7200            	-5.05750000e-06
7300            	-5.05750000e-06
7400            	-5.05750000e-06
7500            	-5.05750000e-06
7600            	-5.05750000e-06
7700            	-5.05750000e-06
7800            	-5.05750000e-06
7900            	-5.05750000e-06
8000            	-5.05750000e-06
8100            	-5.05750000e-06
8200            	-5.05750000e-06
8300            	-5.05750000e-06
8400            	-5.05750000e-06
8500            	-5.05750000e-06
8600            	-5.05750000e-06
8700            	-5.05750000e-06
8800            	-5.05750000e-06
8900            	-5.05750000e-06
9000            	-5.05750000e-06
9100            	-5.05750000e-06
9200            	-5.05750000e-06
9300            	-5.05750000e-06
9400            	-5.05750000e-06
9500            	-5.05750000e-06
9600            	-5.05750000e-06
9700            	-5.05750000e-06
9800            	-5.05750000e-06
9900            	-5.05750000e-06
10000           	-5.05750000e-06
