# Region type : patch outlet
# Faces         : 1620
# Area          : 5.00000000e-04
# Scale factor  : 1.00000000e+00
# Time          	areaAverage(T)
100             	5.63108810e+01
200             	5.95111529e+01
300             	6.00045567e+01
400             	6.04813275e+01
500             	6.10848109e+01
600             	6.14419679e+01
700             	6.16440529e+01
800             	6.17341101e+01
900             	6.17732743e+01
1000            	6.17865278e+01
1100            	6.17895927e+01
1200            	6.17903416e+01
1300            	6.17903755e+01
1400            	6.17902801e+01
1500            	6.17904938e+01
1600            	6.17904464e+01
1700            	6.17903141e+01
1800            	6.17903679e+01
1900            	6.17905293e+01
2000            	6.17902561e+01
2100            	6.17904718e+01
2200            	6.17904547e+01
2300            	6.17904619e+01
2400            	6.17903931e+01
2500            	6.17905234e+01
2600            	6.17903830e+01
2700            	6.17904307e+01
2800            	6.17903058e+01
2900            	6.17903402e+01
3000            	6.17904030e+01
3100            	6.17902711e+01
3200            	6.17903272e+01
3300            	6.17904286e+01
3400            	6.17904609e+01
3500            	6.17903587e+01
3600            	6.17903384e+01
3700            	6.17905666e+01
3800            	6.17903565e+01
3900            	6.17904753e+01
4000            	6.17903953e+01
4100            	6.17903197e+01
4200            	6.17905463e+01
4300            	6.17904072e+01
4400            	6.17903169e+01
4500            	6.17904418e+01
4600            	6.17904745e+01
4700            	6.17902414e+01
4800            	6.17905623e+01
4900            	6.17904087e+01
5000            	6.17904695e+01
5100            	6.17905444e+01
5200            	6.17905070e+01
5300            	6.17903500e+01
5400            	6.17904089e+01
5500            	6.17903745e+01
5600            	6.17903431e+01
5700            	6.17905723e+01
5800            	6.17903649e+01
5900            	6.17904038e+01
6000            	6.17905005e+01
6100            	6.17904843e+01
6200            	6.17901997e+01
6300            	6.17904832e+01
6400            	6.17903879e+01
6500            	6.17902121e+01
6600            	6.17903825e+01
6700            	6.17904778e+01
6800            	6.17904097e+01
6900            	6.17904670e+01
7000            	6.17904253e+01
7100            	6.17904400e+01
7200            	6.17904351e+01
7300            	6.17904176e+01
7400            	6.17904616e+01
7500            	6.17903471e+01
7600            	6.17904122e+01
7700            	6.17904135e+01
7800            	6.17904371e+01
7900            	6.17903068e+01
8000            	6.17901746e+01
8100            	6.17903637e+01
8200            	6.17902747e+01
8300            	6.17902117e+01
8400            	6.17905525e+01
8500            	6.17903131e+01
8600            	6.17904714e+01
8700            	6.17904353e+01
8800            	6.17903211e+01
8900            	6.17903960e+01
9000            	6.17903629e+01
9100            	6.17903120e+01
9200            	6.17905297e+01
9300            	6.17903162e+01
9400            	6.17903982e+01
9500            	6.17902821e+01
9600            	6.17902621e+01
9700            	6.17903416e+01
9800            	6.17904092e+01
9900            	6.17904969e+01
10000           	6.17903034e+01
