# Region type : patch heatedWall
# Faces         : 16200
# Area          : 1.50000000e-02
# Scale factor  : 1.00000000e+00
# Time          	areaAverage(T)
100             	7.16080504e+01
200             	7.46491065e+01
300             	7.57865976e+01
400             	7.63451367e+01
500             	7.66052840e+01
600             	7.67361296e+01
700             	7.67786832e+01
800             	7.67830011e+01
900             	7.67840673e+01
1000            	7.67841722e+01
1100            	7.67841876e+01
1200            	7.67841888e+01
1300            	7.67841900e+01
1400            	7.67841904e+01
1500            	7.67841879e+01
1600            	7.67841877e+01
1700            	7.67841884e+01
1800            	7.67841894e+01
1900            	7.67841876e+01
2000            	7.67841854e+01
2100            	7.67841838e+01
2200            	7.67841855e+01
2300            	7.67841851e+01
2400            	7.67841857e+01
2500            	7.67841868e+01
2600            	7.67841876e+01
2700            	7.67841871e+01
2800            	7.67841874e+01
2900            	7.67841877e+01
3000            	7.67841870e+01
3100            	7.67841852e+01
3200            	7.67841839e+01
3300            	7.67841837e+01
3400            	7.67841816e+01
3500            	7.67841808e+01
3600            	7.67841820e+01
3700            	7.67841851e+01
3800            	7.67841857e+01
3900            	7.67841847e+01
4000            	7.67841835e+01
4100            	7.67841852e+01
4200            	7.67841844e+01
4300            	7.67841838e+01
4400            	7.67841834e+01
4500            	7.67841851e+01
4600            	7.67841855e+01
4700            	7.67841846e+01
4800            	7.67841849e+01
4900            	7.67841848e+01
5000            	7.67841851e+01
5100            	7.67841840e+01
5200            	7.67841825e+01
5300            	7.67841801e+01
5400            	7.67841803e+01
5500            	7.67841803e+01
5600            	7.67841836e+01
5700            	7.67841861e+01
5800            	7.67841858e+01
5900            	7.67841861e+01
6000            	7.67841835e+01
