# Region type : patch outlet
# Faces         : 1620
# Area          : 5.00000000e-04
# Scale factor  : 1.00000000e+00
# Time          	areaAverage(T)
100             	5.22573759e+01
200             	5.29682044e+01
300             	4.95687638e+01
400             	4.94757215e+01
500             	4.96054958e+01
600             	4.97309017e+01
700             	4.98314918e+01
800             	4.98806267e+01
900             	4.99009990e+01
1000            	4.98546175e+01
1100            	4.98527769e+01
1200            	4.98517062e+01
1300            	4.98498404e+01
1400            	4.98496845e+01
1500            	4.98481612e+01
1600            	4.98494228e+01
1700            	4.98499953e+01
1800            	4.98497470e+01
1900            	4.98507644e+01
2000            	4.98504302e+01
2100            	4.98508047e+01
2200            	4.98506679e+01
2300            	4.98508185e+01
2400            	4.98492883e+01
2500            	4.98500613e+01
2600            	4.98494168e+01
2700            	4.98522056e+01
2800            	4.98507361e+01
2900            	4.98504362e+01
3000            	4.98489201e+01
3100            	4.98497992e+01
3200            	4.98502156e+01
3300            	4.98511908e+01
3400            	4.98521894e+01
3500            	4.98494901e+01
3600            	4.98484053e+01
3700            	4.98511980e+01
3800            	4.98495656e+01
3900            	4.98490812e+01
4000            	4.98484678e+01
4100            	4.98506489e+01
4200            	4.98496451e+01
4300            	4.98491593e+01
4400            	4.98500907e+01
4500            	4.98505853e+01
4600            	4.98499043e+01
4700            	4.98493566e+01
4800            	4.98504977e+01
4900            	4.98487825e+01
5000            	4.98499055e+01
5100            	4.98497591e+01
5200            	4.98486575e+01
5300            	4.98495437e+01
5400            	4.98481534e+01
5500            	4.98505082e+01
5600            	4.98484858e+01
5700            	4.98496395e+01
5800            	4.98494976e+01
5900            	4.98491295e+01
6000            	4.98502174e+01
