# Region type : patch outlet
# Faces         : 1620
# Area          : 5.00000000e-04
# Scale factor  : 1.00000000e+00
# Time          	areaAverage(T)
100             	7.70231250e+01
200             	7.70425376e+01
300             	7.70588603e+01
400             	7.70734085e+01
500             	7.70870885e+01
600             	7.71000161e+01
700             	7.71124226e+01
800             	7.71244202e+01
900             	7.71356504e+01
1000            	7.71443811e+01
1100            	7.71492316e+01
1200            	7.71508725e+01
1300            	7.71511556e+01
1400            	7.71511750e+01
1500            	7.71511750e+01
1600            	7.71511750e+01
1700            	7.71511750e+01
1800            	7.71511750e+01
1900            	7.71511750e+01
2000            	7.71511750e+01
2100            	7.71511750e+01
2200            	7.71511750e+01
2300            	7.71511750e+01
2400            	7.71511750e+01
2500            	7.71511750e+01
2600            	7.71511750e+01
2700            	7.71511750e+01
2800            	7.71511750e+01
2900            	7.71511750e+01
3000            	7.71511750e+01
3100            	7.71511750e+01
3200            	7.71511750e+01
3300            	7.71511750e+01
3400            	7.71511750e+01
3500            	7.71511750e+01
3600            	7.71511750e+01
3700            	7.71511750e+01
3800            	7.71511750e+01
3900            	7.71511750e+01
4000            	7.71511750e+01
4100            	7.71511750e+01
4200            	7.71511750e+01
4300            	7.71511750e+01
4400            	7.71511750e+01
4500            	7.71511750e+01
4600            	7.71511750e+01
4700            	7.71511750e+01
4800            	7.71511750e+01
4900            	7.71511750e+01
5000            	7.71511750e+01
5100            	7.71511750e+01
5200            	7.71511750e+01
5300            	7.71511750e+01
5400            	7.71511750e+01
5500            	7.71511750e+01
5600            	7.71511750e+01
5700            	7.71511750e+01
5800            	7.71511750e+01
5900            	7.71511750e+01
6000            	7.71511750e+01
6100            	7.71511750e+01
6200            	7.71511750e+01
6300            	7.71511750e+01
6400            	7.71511750e+01
6500            	7.71511750e+01
6600            	7.71511750e+01
6700            	7.71511750e+01
6800            	7.71511750e+01
6900            	7.71511750e+01
7000            	7.71511750e+01
7100            	7.71511750e+01
7200            	7.71511750e+01
7300            	7.71511750e+01
7400            	7.71511750e+01
7500            	7.71511750e+01
7600            	7.71511750e+01
7700            	7.71511750e+01
7800            	7.71511750e+01
7900            	7.71511750e+01
8000            	7.71511750e+01
