0 	64.636483
5.0251256e-05 	63.928871
0.00010050251 	63.221259
0.00015075377 	62.513647
0.00020100503 	61.816781
0.00025125628 	61.175945
0.00030150754 	60.535109
0.00035175879 	59.894273
0.00040201005 	59.253437
0.00045226131 	58.636433
0.00050251256 	58.062146
0.00055276382 	57.487859
0.00060301508 	56.913572
0.00065326633 	56.339285
0.00070351759 	55.764999
0.00075376884 	55.226663
0.0008040201 	54.755205
0.00085427136 	54.283747
0.00090452261 	53.81229
0.00095477387 	53.340832
0.0010050251 	52.869375
0.0010552764 	52.397917
0.0011055276 	51.92646
0.0011557789 	51.569763
0.0012060302 	51.236106
0.0012562814 	50.90245
0.0013065327 	50.568793
0.0013567839 	50.235137
0.0014070352 	49.90148
0.0014572864 	49.567823
0.0015075377 	49.234167
0.0015577889 	48.90051
0.0016080402 	48.630694
0.0016582915 	48.445844
0.0017085427 	48.260994
0.001758794 	48.076144
0.0018090452 	47.891294
0.0018592965 	47.706444
0.0019095477 	47.521594
0.001959799 	47.336744
0.0020100503 	47.151894
0.0020603015 	46.967044
0.0021105528 	46.782195
0.002160804 	46.597345
0.0022110553 	46.486606
0.0022613065 	46.413275
0.0023115578 	46.339944
0.002361809 	46.266612
0.0024120603 	46.193281
0.0024623116 	46.11995
0.0025125628 	46.046619
0.0025628141 	45.973288
0.0026130653 	45.899956
0.0026633166 	45.826625
0.0027135678 	45.753294
0.0027638191 	45.679963
0.0028140704 	45.606631
0.0028643216 	45.5333
0.0029145729 	45.459969
0.0029648241 	45.437323
0.0030150754 	45.417522
0.0030653266 	45.397721
0.0031155779 	45.377921
0.0031658291 	45.35812
0.0032160804 	45.338319
0.0032663317 	45.318519
0.0033165829 	45.298718
0.0033668342 	45.278917
0.0034170854 	45.259117
0.0034673367 	45.239316
0.0035175879 	45.219515
0.0035678392 	45.199714
0.0036180905 	45.179914
0.0036683417 	45.160113
0.003718593 	45.140312
0.0037688442 	45.120512
0.0038190955 	45.100711
0.0038693467 	45.089628
0.003919598 	45.086139
0.0039698492 	45.082649
0.0040201005 	45.079159
0.0040703518 	45.07567
0.004120603 	45.07218
0.0041708543 	45.06869
0.0042211055 	45.065201
0.0042713568 	45.061711
0.004321608 	45.058222
0.0043718593 	45.054732
0.0044221106 	45.051242
0.0044723618 	45.047753
0.0045226131 	45.044263
0.0045728643 	45.040773
0.0046231156 	45.037284
0.0046733668 	45.033794
0.0047236181 	45.030304
0.0047738693 	45.026815
0.0048241206 	45.023325
0.0048743719 	45.019836
0.0049246231 	45.016346
0.0049748744 	45.012856
0.0050251256 	45.010889
0.0050753769 	45.010444
0.0051256281 	45.009999
0.0051758794 	45.009554
0.0052261307 	45.009109
0.0052763819 	45.008664
0.0053266332 	45.008219
0.0053768844 	45.007774
0.0054271357 	45.007329
0.0054773869 	45.006884
0.0055276382 	45.006439
0.0055778894 	45.005994
0.0056281407 	45.005549
0.005678392 	45.005104
0.0057286432 	45.004659
0.0057788945 	45.004214
0.0058291457 	45.003769
0.005879397 	45.003324
0.0059296482 	45.002879
0.0059798995 	45.002434
0.0060301508 	45.001989
0.006080402 	45.001544
0.0061306533 	45.001099
0.0061809045 	45.000837
0.0062311558 	45.000786
0.006281407 	45.000735
0.0063316583 	45.000684
0.0063819095 	45.000633
0.0064321608 	45.000582
0.0064824121 	45.000531
0.0065326633 	45.00048
0.0065829146 	45.000429
0.0066331658 	45.000378
0.0066834171 	45.000327
0.0067336683 	45.000276
0.0067839196 	45.000225
0.0068341709 	45.000174
0.0068844221 	45.000123
0.0069346734 	45.000071
0.0069849246 	45.00002
0.0070351759 	44.999969
0.0070854271 	44.999921
0.0071356784 	44.999917
0.0071859296 	44.999914
0.0072361809 	44.99991
0.0072864322 	44.999907
0.0073366834 	44.999903
0.0073869347 	44.999899
0.0074371859 	44.999896
0.0074874372 	44.999892
0.0075376884 	44.999889
0.0075879397 	44.999885
0.007638191 	44.999882
0.0076884422 	44.999878
0.0077386935 	44.999875
0.0077889447 	44.999871
0.007839196 	44.99987
0.0078894472 	44.999873
0.0079396985 	44.999877
0.0079899497 	44.99988
0.008040201 	44.999883
0.0080904523 	44.999887
0.0081407035 	44.99989
0.0081909548 	44.999894
0.008241206 	44.999897
0.0082914573 	44.9999
0.0083417085 	44.999904
0.0083919598 	44.999907
0.0084422111 	44.999911
0.0084924623 	44.999915
0.0085427136 	44.999918
0.0085929648 	44.999922
0.0086432161 	44.999926
0.0086934673 	44.999929
0.0087437186 	44.999933
0.0087939698 	44.999936
0.0088442211 	44.99994
0.0088944724 	44.999944
0.0089447236 	44.999946
0.0089949749 	44.999948
0.0090452261 	44.99995
0.0090954774 	44.999952
0.0091457286 	44.999955
0.0091959799 	44.999957
0.0092462312 	44.999959
0.0092964824 	44.999961
0.0093467337 	44.999962
0.0093969849 	44.999963
0.0094472362 	44.999964
0.0094974874 	44.999965
0.0095477387 	44.999966
0.0095979899 	44.999967
0.0096482412 	44.999967
0.0096984925 	44.999967
0.0097487437 	44.999968
0.009798995 	44.999968
0.0098492462 	44.999968
0.0098994975 	44.999969
0.0099497487 	44.999969
0.01 	44.999969
