0.0005 	45.01963
0.0015 	45.076164
0.0025 	45.220413
0.0035 	45.416007
0.0045 	45.591609
0.0055 	45.841706
0.0065 	46.049567
0.0075 	46.277871
0.0085 	46.505379
0.0095 	46.701908
0.0105 	46.921784
0.0115 	47.123022
0.0125 	47.329297
0.0135 	47.536574
0.0145 	47.724818
0.0155 	47.92331
0.0165 	48.109306
0.0175 	48.295137
0.0185 	48.480564
0.0195 	48.652782
0.0205 	48.829918
0.0215 	48.998911
0.0225 	49.166656
0.0235 	49.333861
0.0245 	49.49195
0.0255 	49.652683
0.0265 	49.807862
0.0275 	49.961459
0.0285 	50.114562
0.0295 	50.260949
0.0305 	50.408786
0.0315 	50.552344
0.0325 	50.694509
0.0335 	50.836196
0.0345 	50.972288
0.0355 	51.109386
0.0365 	51.243169
0.0375 	51.37554
0.0385 	51.507453
0.0395 	51.634741
0.0405 	51.76279
0.0415 	51.888208
0.0425 	52.012185
0.0435 	52.135734
0.0445 	52.255509
0.0455 	52.375869
0.0465 	52.494075
0.0475 	52.610828
0.0485 	52.727206
0.0495 	52.840617
0.0505 	52.954363
0.0515 	53.066172
0.0525 	53.176755
0.0535 	53.287061
0.0545 	53.395022
0.0555 	53.502991
0.0565 	53.60902
0.0575 	53.714517
0.0585 	53.819779
0.0595 	53.922495
0.0605 	54.025443
0.0615 	54.126922
0.0625 	54.227703
0.0635 	54.32825
0.0645 	54.426586
0.0655 	54.52508
0.0665 	54.622261
0.0675 	54.718665
0.0685 	54.814827
0.0695 	54.909072
0.0705 	55.00333
0.0715 	55.096304
0.0725 	55.188687
0.0735 	55.280823
0.0745 	55.37103
0.0755 	55.461221
0.0765 	55.550262
0.0775 	55.638854
0.0785 	55.727175
0.0795 	55.813347
0.0805 	55.899745
0.0815 	55.985386
0.0825 	56.069811
0.0835 	56.153881
0.0845 	56.236382
0.0855 	56.318652
0.0865 	56.399919
0.0875 	56.480259
0.0885 	56.560396
0.0895 	56.639313
0.0905 	56.717696
0.0915 	56.794806
0.0925 	56.870752
0.0935 	56.946203
0.0945 	57.01992
0.0955 	57.092818
0.0965 	57.164509
0.0975 	57.23538
0.0985 	57.305803
0.0995 	57.374306
0.1005 	57.442394
0.1015 	57.50975
0.1025 	57.575721
0.1035 	57.641117
0.1045 	57.704826
0.1055 	57.767844
0.1065 	57.829971
0.1075 	57.890931
0.1085 	57.951308
0.1095 	58.009921
0.1105 	58.067622
0.1115 	58.124334
0.1125 	58.179449
0.1135 	58.233863
0.1145 	58.286464
0.1155 	58.338016
0.1165 	58.388599
0.1175 	58.437545
0.1185 	58.485737
0.1195 	58.532181
0.1205 	58.577564
0.1215 	58.622088
0.1225 	58.664269
0.1235 	58.705577
0.1245 	58.74536
0.1255 	58.783851
0.1265 	58.821397
0.1275 	58.856362
0.1285 	58.89043
0.1295 	58.923158
0.1305 	58.954141
0.1315 	58.983852
0.1325 	59.011935
0.1335 	59.039259
0.1345 	59.0651
0.1355 	59.089121
0.1365 	59.111901
0.1375 	59.132968
0.1385 	59.153132
0.1395 	59.171378
0.1405 	59.188026
0.1415 	59.203721
0.1425 	59.21787
0.1435 	59.231089
0.1445 	59.242152
0.1455 	59.251806
0.1465 	59.260708
0.1475 	59.267557
0.1485 	59.273417
0.1495 	59.277467
0.1505 	59.279908
0.1515 	59.281453
0.1525 	59.280783
0.1535 	59.279341
0.1545 	59.277155
0.1555 	59.27337
0.1565 	59.268733
0.1575 	59.262111
0.1585 	59.254682
0.1595 	59.246161
0.1605 	59.236053
0.1615 	59.225168
0.1625 	59.212679
0.1635 	59.199484
0.1645 	59.185461
0.1655 	59.170003
0.1665 	59.153894
0.1675 	59.136566
0.1685 	59.118565
0.1695 	59.09919
0.1705 	59.078916
0.1715 	59.058374
0.1725 	59.036485
0.1735 	59.014075
0.1745 	58.991021
0.1755 	58.967216
0.1765 	58.943265
0.1775 	58.918277
0.1785 	58.892861
0.1795 	58.86691
0.1805 	58.840149
0.1815 	58.813065
0.1825 	58.784838
0.1835 	58.756202
0.1845 	58.72724
0.1855 	58.697595
0.1865 	58.667719
0.1875 	58.637594
0.1885 	58.607282
0.1895 	58.576593
0.1905 	58.545654
0.1915 	58.514804
0.1925 	58.483628
0.1935 	58.452309
0.1945 	58.42091
0.1955 	58.389196
0.1965 	58.357469
0.1975 	58.32555
0.1985 	58.293474
0.1995 	58.261115
0.2005 	58.228814
0.2015 	58.196806
0.2025 	58.164299
0.2035 	58.13181
0.2045 	58.100005
0.2055 	58.067925
0.2065 	58.035708
0.2075 	58.003965
0.2085 	57.972279
0.2095 	57.940479
0.2105 	57.908817
0.2115 	57.877387
0.2125 	57.846542
0.2135 	57.815803
0.2145 	57.785015
0.2155 	57.754783
0.2165 	57.725131
0.2175 	57.695841
0.2185 	57.666629
0.2195 	57.637439
0.2205 	57.608687
0.2215 	57.580325
0.2225 	57.551952
0.2235 	57.523657
0.2245 	57.495711
0.2255 	57.468108
0.2265 	57.440757
0.2275 	57.413676
0.2285 	57.386789
0.2295 	57.360369
0.2305 	57.334408
0.2315 	57.308767
0.2325 	57.283608
0.2335 	57.258686
0.2345 	57.234129
0.2355 	57.210053
0.2365 	57.186258
0.2375 	57.16291
0.2385 	57.139781
0.2395 	57.117048
0.2405 	57.094787
0.2415 	57.072831
0.2425 	57.051349
0.2435 	57.030076
0.2445 	57.009178
0.2455 	56.989049
0.2465 	56.969443
0.2475 	56.949785
0.2485 	56.930391
0.2495 	56.912068
0.2505 	56.894129
0.2515 	56.876284
0.2525 	56.859209
0.2535 	56.842443
0.2545 	56.826165
0.2555 	56.810442
0.2565 	56.794954
0.2575 	56.779635
0.2585 	56.764532
0.2595 	56.75008
0.2605 	56.735999
0.2615 	56.722026
0.2625 	56.709033
0.2635 	56.696326
0.2645 	56.683629
0.2655 	56.671796
0.2665 	56.660508
0.2675 	56.649381
0.2685 	56.638471
0.2695 	56.628173
0.2705 	56.618311
0.2715 	56.608607
0.2725 	56.599502
0.2735 	56.590705
0.2745 	56.582481
0.2755 	56.574688
0.2765 	56.566997
0.2775 	56.559918
0.2785 	56.553161
0.2795 	56.546878
0.2805 	56.540921
0.2815 	56.53492
0.2825 	56.530278
0.2835 	56.525994
0.2845 	56.521734
0.2855 	56.518436
0.2865 	56.515678
0.2875 	56.514313
0.2885 	56.513468
0.2895 	56.512907
0.2905 	56.513749
0.2915 	56.515293
0.2925 	56.518757
0.2935 	56.523623
0.2945 	56.532543
0.2955 	56.542625
0.2965 	56.552376
0.2975 	56.587139
0.2985 	56.626489
0.2995 	56.660331
