# Region type : patch inlet
# Faces         : 1620
# Area          : 5.00000000e-04
# Scale factor  : 1.00000000e+00
# Time          	sum(phi)
100             	-7.31400000e-04
200             	-7.31400000e-04
300             	-7.31400000e-04
400             	-7.31400000e-04
500             	-7.31400000e-04
600             	-7.31400000e-04
700             	-7.31400000e-04
800             	-7.31400000e-04
900             	-7.31400000e-04
1000            	-7.31400000e-04
1100            	-7.31400000e-04
1200            	-7.31400000e-04
1300            	-7.31400000e-04
1400            	-7.31400000e-04
1500            	-7.31400000e-04
1600            	-7.31400000e-04
1700            	-7.31400000e-04
1800            	-7.31400000e-04
1900            	-7.31400000e-04
2000            	-7.31400000e-04
2100            	-7.31400000e-04
2200            	-7.31400000e-04
2300            	-7.31400000e-04
2400            	-7.31400000e-04
2500            	-7.31400000e-04
2600            	-7.31400000e-04
2700            	-7.31400000e-04
2800            	-7.31400000e-04
2900            	-7.31400000e-04
3000            	-7.31400000e-04
3100            	-7.31400000e-04
3200            	-7.31400000e-04
3300            	-7.31400000e-04
3400            	-7.31400000e-04
3500            	-7.31400000e-04
3600            	-7.31400000e-04
3700            	-7.31400000e-04
3800            	-7.31400000e-04
3900            	-7.31400000e-04
4000            	-7.31400000e-04
4100            	-7.31400000e-04
4200            	-7.31400000e-04
4300            	-7.31400000e-04
4400            	-7.31400000e-04
4500            	-7.31400000e-04
4600            	-7.31400000e-04
4700            	-7.31400000e-04
4800            	-7.31400000e-04
4900            	-7.31400000e-04
5000            	-7.31400000e-04
5100            	-7.31400000e-04
5200            	-7.31400000e-04
5300            	-7.31400000e-04
5400            	-7.31400000e-04
5500            	-7.31400000e-04
5600            	-7.31400000e-04
5700            	-7.31400000e-04
5800            	-7.31400000e-04
5900            	-7.31400000e-04
6000            	-7.31400000e-04
6100            	-7.31400000e-04
6200            	-7.31400000e-04
6300            	-7.31400000e-04
6400            	-7.31400000e-04
6500            	-7.31400000e-04
6600            	-7.31400000e-04
6700            	-7.31400000e-04
6800            	-7.31400000e-04
6900            	-7.31400000e-04
7000            	-7.31400000e-04
7100            	-7.31400000e-04
7200            	-7.31400000e-04
7300            	-7.31400000e-04
7400            	-7.31400000e-04
7500            	-7.31400000e-04
7600            	-7.31400000e-04
7700            	-7.31400000e-04
7800            	-7.31400000e-04
7900            	-7.31400000e-04
8000            	-7.31400000e-04
8100            	-7.31400000e-04
8200            	-7.31400000e-04
8300            	-7.31400000e-04
8400            	-7.31400000e-04
8500            	-7.31400000e-04
8600            	-7.31400000e-04
8700            	-7.31400000e-04
8800            	-7.31400000e-04
8900            	-7.31400000e-04
9000            	-7.31400000e-04
9100            	-7.31400000e-04
9200            	-7.31400000e-04
9300            	-7.31400000e-04
9400            	-7.31400000e-04
9500            	-7.31400000e-04
9600            	-7.31400000e-04
9700            	-7.31400000e-04
9800            	-7.31400000e-04
9900            	-7.31400000e-04
10000           	-7.31400000e-04
