0.0005 	44.999993
0.0015 	44.999978
0.0025 	44.999957
0.0035 	44.999934
0.0045 	44.999905
0.0055 	44.999876
0.0065 	44.999845
0.0075 	44.999814
0.0085 	44.999783
0.0095 	44.999751
0.0105 	44.999721
0.0115 	44.99969
0.0125 	44.999661
0.0135 	44.999633
0.0145 	44.999605
0.0155 	44.999579
0.0165 	44.999553
0.0175 	44.999529
0.0185 	44.999506
0.0195 	44.999483
0.0205 	44.999462
0.0215 	44.999441
0.0225 	44.999421
0.0235 	44.999403
0.0245 	44.999385
0.0255 	44.999367
0.0265 	44.999351
0.0275 	44.999335
0.0285 	44.99932
0.0295 	44.999305
0.0305 	44.999292
0.0315 	44.999279
0.0325 	44.999266
0.0335 	44.999255
0.0345 	44.999244
0.0355 	44.999234
0.0365 	44.999224
0.0375 	44.999216
0.0385 	44.999208
0.0395 	44.999201
0.0405 	44.999195
0.0415 	44.99919
0.0425 	44.999186
0.0435 	44.999182
0.0445 	44.999179
0.0455 	44.999178
0.0465 	44.999177
0.0475 	44.999178
0.0485 	44.99918
0.0495 	44.999183
0.0505 	44.999187
0.0515 	44.999192
0.0525 	44.999198
0.0535 	44.999206
0.0545 	44.999215
0.0555 	44.999226
0.0565 	44.999237
0.0575 	44.999251
0.0585 	44.999265
0.0595 	44.999282
0.0605 	44.9993
0.0615 	44.999319
0.0625 	44.99934
0.0635 	44.999362
0.0645 	44.999386
0.0655 	44.999413
0.0665 	44.99944
0.0675 	44.99947
0.0685 	44.999501
0.0695 	44.999534
0.0705 	44.999569
0.0715 	44.999606
0.0725 	44.999645
0.0735 	44.999685
0.0745 	44.999728
0.0755 	44.999773
0.0765 	44.999819
0.0775 	44.999868
0.0785 	44.999918
0.0795 	44.999971
0.0805 	45.000027
0.0815 	45.000084
0.0825 	45.000144
0.0835 	45.000205
0.0845 	45.000269
0.0855 	45.000336
0.0865 	45.000404
0.0875 	45.000475
0.0885 	45.000549
0.0895 	45.000625
0.0905 	45.000704
0.0915 	45.000785
0.0925 	45.000869
0.0935 	45.000954
0.0945 	45.001043
0.0955 	45.001135
0.0965 	45.001228
0.0975 	45.001326
0.0985 	45.001425
0.0995 	45.001527
0.1005 	45.001631
0.1015 	45.001739
0.1025 	45.00185
0.1035 	45.001962
0.1045 	45.002079
0.1055 	45.002198
0.1065 	45.002319
0.1075 	45.002445
0.1085 	45.002572
0.1095 	45.002704
0.1105 	45.002838
0.1115 	45.002975
0.1125 	45.003116
0.1135 	45.003259
0.1145 	45.003407
0.1155 	45.003558
0.1165 	45.003711
0.1175 	45.00387
0.1185 	45.00403
0.1195 	45.004195
0.1205 	45.004364
0.1215 	45.004536
0.1225 	45.004712
0.1235 	45.004891
0.1245 	45.005076
0.1255 	45.005264
0.1265 	45.005454
0.1275 	45.005651
0.1285 	45.00585
0.1295 	45.006054
0.1305 	45.006262
0.1315 	45.006474
0.1325 	45.006691
0.1335 	45.006911
0.1345 	45.007137
0.1355 	45.007367
0.1365 	45.007599
0.1375 	45.007839
0.1385 	45.008082
0.1395 	45.00833
0.1405 	45.008583
0.1415 	45.008841
0.1425 	45.009105
0.1435 	45.009372
0.1445 	45.009647
0.1455 	45.009925
0.1465 	45.010208
0.1475 	45.0105
0.1485 	45.010795
0.1495 	45.011097
0.1505 	45.011405
0.1515 	45.011718
0.1525 	45.012039
0.1535 	45.012364
0.1545 	45.012699
0.1555 	45.013039
0.1565 	45.013384
0.1575 	45.013739
0.1585 	45.014099
0.1595 	45.014468
0.1605 	45.014844
0.1615 	45.015228
0.1625 	45.01562
0.1635 	45.016017
0.1645 	45.016428
0.1655 	45.016844
0.1665 	45.017267
0.1675 	45.017704
0.1685 	45.018145
0.1695 	45.018598
0.1705 	45.019059
0.1715 	45.019529
0.1725 	45.020011
0.1735 	45.020498
0.1745 	45.021002
0.1755 	45.021512
0.1765 	45.022031
0.1775 	45.022566
0.1785 	45.023107
0.1795 	45.023662
0.1805 	45.024227
0.1815 	45.024804
0.1825 	45.025394
0.1835 	45.025991
0.1845 	45.026608
0.1855 	45.027233
0.1865 	45.027868
0.1875 	45.028522
0.1885 	45.029184
0.1895 	45.029862
0.1905 	45.030553
0.1915 	45.031256
0.1925 	45.031976
0.1935 	45.032704
0.1945 	45.033455
0.1955 	45.034216
0.1965 	45.034988
0.1975 	45.035784
0.1985 	45.036588
0.1995 	45.037411
0.2005 	45.038248
0.2015 	45.039101
0.2025 	45.039973
0.2035 	45.040854
0.2045 	45.041761
0.2055 	45.04268
0.2065 	45.04361
0.2075 	45.044569
0.2085 	45.045537
0.2095 	45.046524
0.2105 	45.04753
0.2115 	45.048552
0.2125 	45.049595
0.2135 	45.050647
0.2145 	45.05173
0.2155 	45.052826
0.2165 	45.053933
0.2175 	45.055072
0.2185 	45.056221
0.2195 	45.057391
0.2205 	45.058581
0.2215 	45.05979
0.2225 	45.061019
0.2235 	45.062259
0.2245 	45.063533
0.2255 	45.064818
0.2265 	45.066116
0.2275 	45.067449
0.2285 	45.068792
0.2295 	45.070155
0.2305 	45.071539
0.2315 	45.072945
0.2325 	45.07437
0.2335 	45.075806
0.2345 	45.077278
0.2355 	45.078761
0.2365 	45.080255
0.2375 	45.081786
0.2385 	45.083328
0.2395 	45.084887
0.2405 	45.086469
0.2415 	45.088074
0.2425 	45.089694
0.2435 	45.091325
0.2445 	45.092995
0.2455 	45.094673
0.2465 	45.096359
0.2475 	45.098085
0.2485 	45.099821
0.2495 	45.101569
0.2505 	45.103341
0.2515 	45.105137
0.2525 	45.106942
0.2535 	45.108758
0.2545 	45.110614
0.2555 	45.112474
0.2565 	45.114338
0.2575 	45.116244
0.2585 	45.118159
0.2595 	45.120075
0.2605 	45.122018
0.2615 	45.123987
0.2625 	45.125953
0.2635 	45.127927
0.2645 	45.129946
0.2655 	45.13196
0.2665 	45.13397
0.2675 	45.136026
0.2685 	45.138089
0.2695 	45.140139
0.2705 	45.142218
0.2715 	45.144325
0.2725 	45.146414
0.2735 	45.148509
0.2745 	45.150655
0.2755 	45.152786
0.2765 	45.154902
0.2775 	45.157072
0.2785 	45.159245
0.2795 	45.161387
0.2805 	45.163564
0.2815 	45.165775
0.2825 	45.167947
0.2835 	45.170123
0.2845 	45.172361
0.2855 	45.174571
0.2865 	45.176753
0.2875 	45.179001
0.2885 	45.181252
0.2895 	45.183448
0.2905 	45.185688
0.2915 	45.187971
0.2925 	45.190189
0.2935 	45.19241
0.2945 	45.194715
0.2955 	45.196976
0.2965 	45.199195
0.2975 	45.201538
0.2985 	45.203879
0.2995 	45.206084
