0.0005 	45.001749
0.0015 	45.00864
0.0025 	45.024202
0.0035 	45.044821
0.0045 	45.057738
0.0055 	45.084306
0.0065 	45.104774
0.0075 	45.133025
0.0085 	45.16567
0.0095 	45.18958
0.0105 	45.22588
0.0115 	45.255537
0.0125 	45.291208
0.0135 	45.329784
0.0145 	45.359782
0.0155 	45.399187
0.0165 	45.432509
0.0175 	45.469552
0.0185 	45.508167
0.0195 	45.539819
0.0205 	45.577633
0.0215 	45.610777
0.0225 	45.645857
0.0235 	45.681521
0.0245 	45.71238
0.0255 	45.746636
0.0265 	45.777878
0.0275 	45.809844
0.0285 	45.841855
0.0295 	45.871074
0.0305 	45.901739
0.0315 	45.930681
0.0325 	45.959555
0.0335 	45.988218
0.0345 	46.015239
0.0355 	46.04256
0.0365 	46.068918
0.0375 	46.09479
0.0385 	46.120342
0.0395 	46.144937
0.0405 	46.169265
0.0415 	46.19306
0.0425 	46.216196
0.0435 	46.239006
0.0445 	46.261192
0.0455 	46.282913
0.0465 	46.304294
0.0475 	46.325015
0.0485 	46.345449
0.0495 	46.365395
0.0505 	46.38488
0.0515 	46.404108
0.0525 	46.422758
0.0535 	46.441171
0.0545 	46.45922
0.0555 	46.476873
0.0565 	46.49433
0.0575 	46.511311
0.0585 	46.528087
0.0595 	46.544562
0.0605 	46.560683
0.0615 	46.576655
0.0625 	46.592215
0.0635 	46.607599
0.0645 	46.622739
0.0655 	46.637568
0.0665 	46.652269
0.0675 	46.666604
0.0685 	46.680786
0.0695 	46.694751
0.0705 	46.708447
0.0715 	46.722028
0.0725 	46.735286
0.0735 	46.74841
0.0745 	46.761338
0.0755 	46.774031
0.0765 	46.786615
0.0775 	46.798916
0.0785 	46.811096
0.0795 	46.823098
0.0805 	46.83489
0.0815 	46.846588
0.0825 	46.858028
0.0835 	46.869357
0.0845 	46.880533
0.0855 	46.891512
0.0865 	46.902411
0.0875 	46.913078
0.0885 	46.923643
0.0895 	46.934084
0.0905 	46.944339
0.0915 	46.954535
0.0925 	46.964523
0.0935 	46.974415
0.0945 	46.984218
0.0955 	46.99384
0.0965 	47.003422
0.0975 	47.012813
0.0985 	47.022115
0.0995 	47.031354
0.1005 	47.040417
0.1015 	47.049456
0.1025 	47.058318
0.1035 	47.067097
0.1045 	47.075834
0.1055 	47.084399
0.1065 	47.092948
0.1075 	47.101335
0.1085 	47.109645
0.1095 	47.117923
0.1105 	47.12604
0.1115 	47.134149
0.1125 	47.142104
0.1135 	47.149989
0.1145 	47.15785
0.1155 	47.165556
0.1165 	47.173259
0.1175 	47.180819
0.1185 	47.188311
0.1195 	47.195787
0.1205 	47.203115
0.1215 	47.210442
0.1225 	47.217634
0.1235 	47.224762
0.1245 	47.23188
0.1255 	47.238855
0.1265 	47.245832
0.1275 	47.252681
0.1285 	47.259469
0.1295 	47.266245
0.1305 	47.272885
0.1315 	47.27953
0.1325 	47.286051
0.1335 	47.292511
0.1345 	47.298972
0.1355 	47.305297
0.1365 	47.311628
0.1375 	47.317847
0.1385 	47.324009
0.1395 	47.33017
0.1405 	47.336203
0.1415 	47.342251
0.1425 	47.348188
0.1435 	47.354069
0.1445 	47.359965
0.1455 	47.36573
0.1465 	47.371513
0.1475 	47.377194
0.1485 	47.382822
0.1495 	47.388466
0.1505 	47.393986
0.1515 	47.39953
0.1525 	47.40497
0.1535 	47.41036
0.1545 	47.41578
0.1555 	47.421074
0.1565 	47.42639
0.1575 	47.431616
0.1585 	47.436792
0.1595 	47.441994
0.1605 	47.447078
0.1615 	47.452192
0.1625 	47.457211
0.1635 	47.462184
0.1645 	47.467193
0.1655 	47.472082
0.1665 	47.476997
0.1675 	47.48183
0.1685 	47.486619
0.1695 	47.491434
0.1705 	47.49614
0.1715 	47.500878
0.1725 	47.505528
0.1735 	47.510134
0.1745 	47.514781
0.1755 	47.519314
0.1765 	47.523873
0.1775 	47.528359
0.1785 	47.532804
0.1795 	47.537277
0.1805 	47.541647
0.1815 	47.546052
0.1825 	47.550372
0.1835 	47.55465
0.1845 	47.558973
0.1855 	47.563187
0.1865 	47.567425
0.1875 	47.571597
0.1885 	47.575731
0.1895 	47.57989
0.1905 	47.583954
0.1915 	47.588054
0.1925 	47.592071
0.1935 	47.596051
0.1945 	47.600077
0.1955 	47.603998
0.1965 	47.607943
0.1975 	47.611828
0.1985 	47.615677
0.1995 	47.619551
0.2005 	47.623336
0.2015 	47.627157
0.2025 	47.630902
0.2035 	47.634612
0.2045 	47.638376
0.2055 	47.642041
0.2065 	47.645733
0.2075 	47.649377
0.2085 	47.652987
0.2095 	47.656631
0.2105 	47.66019
0.2115 	47.663794
0.2125 	47.667325
0.2135 	47.670823
0.2145 	47.674383
0.2155 	47.677844
0.2165 	47.681331
0.2175 	47.684778
0.2185 	47.688194
0.2195 	47.691638
0.2205 	47.695006
0.2215 	47.69842
0.2225 	47.70176
0.2235 	47.705069
0.2245 	47.708442
0.2255 	47.711721
0.2265 	47.71502
0.2275 	47.718286
0.2285 	47.721525
0.2295 	47.724784
0.2305 	47.727974
0.2315 	47.731208
0.2325 	47.734371
0.2335 	47.737507
0.2345 	47.740703
0.2355 	47.743811
0.2365 	47.746936
0.2375 	47.750037
0.2385 	47.753111
0.2395 	47.756202
0.2405 	47.759234
0.2415 	47.762312
0.2425 	47.76532
0.2435 	47.768302
0.2445 	47.771351
0.2455 	47.774313
0.2465 	47.777291
0.2475 	47.78025
0.2485 	47.783184
0.2495 	47.786134
0.2505 	47.789029
0.2515 	47.791971
0.2525 	47.794841
0.2535 	47.797689
0.2545 	47.800602
0.2555 	47.803431
0.2565 	47.806271
0.2575 	47.809099
0.2585 	47.811905
0.2595 	47.814717
0.2605 	47.817484
0.2615 	47.820296
0.2625 	47.82304
0.2635 	47.825762
0.2645 	47.828554
0.2655 	47.831264
0.2665 	47.833985
0.2675 	47.836703
0.2685 	47.839399
0.2695 	47.842104
0.2705 	47.844769
0.2715 	47.847481
0.2725 	47.850129
0.2735 	47.85276
0.2745 	47.855462
0.2755 	47.858087
0.2765 	47.860724
0.2775 	47.863363
0.2785 	47.865983
0.2795 	47.868613
0.2805 	47.871209
0.2815 	47.873854
0.2825 	47.876438
0.2835 	47.879008
0.2845 	47.88165
0.2855 	47.884221
0.2865 	47.886802
0.2875 	47.889392
0.2885 	47.891966
0.2895 	47.894552
0.2905 	47.897112
0.2915 	47.899716
0.2925 	47.902273
0.2935 	47.904821
0.2945 	47.907428
0.2955 	47.909975
0.2965 	47.912539
0.2975 	47.915222
0.2985 	47.917998
0.2995 	47.921274
