0.0005 	45.003888
0.0015 	45.06244
0.0025 	45.20848
0.0035 	45.412249
0.0045 	45.633785
0.0055 	45.854196
0.0065 	46.072501
0.0075 	46.293328
0.0085 	46.514368
0.0095 	46.738155
0.0105 	46.962142
0.0115 	47.180374
0.0125 	47.393152
0.0135 	47.600727
0.0145 	47.803285
0.0155 	47.998631
0.0165 	48.187731
0.0175 	48.373223
0.0185 	48.55527
0.0195 	48.735064
0.0205 	48.912647
0.0215 	49.086604
0.0225 	49.257048
0.0235 	49.424108
0.0245 	49.58797
0.0255 	49.747681
0.0265 	49.903622
0.0275 	50.057042
0.0285 	50.208014
0.0295 	50.357293
0.0305 	50.50493
0.0315 	50.650206
0.0325 	50.793241
0.0335 	50.934075
0.0345 	51.072847
0.0355 	51.20897
0.0365 	51.34262
0.0375 	51.47455
0.0385 	51.604759
0.0395 	51.733732
0.0405 	51.861514
0.0415 	51.98767
0.0425 	52.112275
0.0435 	52.235371
0.0445 	52.356995
0.0455 	52.476802
0.0465 	52.594884
0.0475 	52.711662
0.0485 	52.827275
0.0495 	52.941891
0.0505 	53.055628
0.0515 	53.168223
0.0525 	53.279644
0.0535 	53.389986
0.0545 	53.499234
0.0555 	53.607127
0.0565 	53.713776
0.0575 	53.819433
0.0585 	53.92419
0.0595 	54.028228
0.0605 	54.131581
0.0615 	54.234051
0.0625 	54.335655
0.0635 	54.436385
0.0645 	54.536306
0.0655 	54.635182
0.0665 	54.733043
0.0675 	54.830191
0.0685 	54.926583
0.0695 	55.022422
0.0705 	55.117738
0.0715 	55.212346
0.0725 	55.306277
0.0735 	55.399572
0.0745 	55.492145
0.0755 	55.583992
0.0765 	55.674965
0.0775 	55.765372
0.0785 	55.855198
0.0795 	55.944537
0.0805 	56.033462
0.0815 	56.121832
0.0825 	56.209609
0.0835 	56.2969
0.0845 	56.383632
0.0855 	56.46968
0.0865 	56.555146
0.0875 	56.640058
0.0885 	56.724527
0.0895 	56.808626
0.0905 	56.892345
0.0915 	56.975615
0.0925 	57.058453
0.0935 	57.140769
0.0945 	57.222743
0.0955 	57.304089
0.0965 	57.384894
0.0975 	57.465361
0.0985 	57.54533
0.0995 	57.625065
0.1005 	57.704485
0.1015 	57.78348
0.1025 	57.862169
0.1035 	57.940403
0.1045 	58.018293
0.1055 	58.095761
0.1065 	58.172634
0.1075 	58.249317
0.1085 	58.325518
0.1095 	58.40153
0.1105 	58.477287
0.1115 	58.552665
0.1125 	58.627781
0.1135 	58.702563
0.1145 	58.776942
0.1155 	58.851114
0.1165 	58.924647
0.1175 	58.998067
0.1185 	59.071093
0.1195 	59.143887
0.1205 	59.216499
0.1215 	59.288786
0.1225 	59.360759
0.1235 	59.432558
0.1245 	59.503901
0.1255 	59.575092
0.1265 	59.645805
0.1275 	59.716303
0.1285 	59.786576
0.1295 	59.856598
0.1305 	59.926457
0.1315 	59.996072
0.1325 	60.065365
0.1335 	60.134481
0.1345 	60.203274
0.1355 	60.27177
0.1365 	60.339989
0.1375 	60.407913
0.1385 	60.475676
0.1395 	60.543227
0.1405 	60.610618
0.1415 	60.677815
0.1425 	60.744754
0.1435 	60.811484
0.1445 	60.878034
0.1455 	60.944195
0.1465 	61.010206
0.1475 	61.075893
0.1485 	61.141417
0.1495 	61.206777
0.1505 	61.271947
0.1515 	61.336931
0.1525 	61.401735
0.1535 	61.466261
0.1545 	61.530713
0.1555 	61.594805
0.1565 	61.658718
0.1575 	61.72245
0.1585 	61.785958
0.1595 	61.849353
0.1605 	61.912593
0.1615 	61.975614
0.1625 	62.038472
0.1635 	62.101114
0.1645 	62.163543
0.1655 	62.225803
0.1665 	62.287749
0.1675 	62.349604
0.1685 	62.411263
0.1695 	62.47281
0.1705 	62.534254
0.1715 	62.595528
0.1725 	62.656637
0.1735 	62.71759
0.1745 	62.778336
0.1755 	62.838885
0.1765 	62.899169
0.1775 	62.959288
0.1785 	63.019229
0.1795 	63.079027
0.1805 	63.138716
0.1815 	63.198254
0.1825 	63.25764
0.1835 	63.316923
0.1845 	63.376023
0.1855 	63.434995
0.1865 	63.493752
0.1875 	63.552379
0.1885 	63.610872
0.1895 	63.669234
0.1905 	63.727491
0.1915 	63.785599
0.1925 	63.843528
0.1935 	63.901302
0.1945 	63.9589
0.1955 	64.01625
0.1965 	64.073433
0.1975 	64.130416
0.1985 	64.187287
0.1995 	64.244066
0.2005 	64.300774
0.2015 	64.357404
0.2025 	64.413961
0.2035 	64.470416
0.2045 	64.526768
0.2055 	64.58296
0.2065 	64.638895
0.2075 	64.694694
0.2085 	64.750243
0.2095 	64.805665
0.2105 	64.860946
0.2115 	64.916089
0.2125 	64.971166
0.2135 	65.026146
0.2145 	65.081106
0.2155 	65.135953
0.2165 	65.190688
0.2175 	65.245291
0.2185 	65.299721
0.2195 	65.353973
0.2205 	65.40806
0.2215 	65.461939
0.2225 	65.515653
0.2235 	65.569287
0.2245 	65.622752
0.2255 	65.67628
0.2265 	65.729627
0.2275 	65.783044
0.2285 	65.836354
0.2295 	65.889621
0.2305 	65.942804
0.2315 	65.995833
0.2325 	66.048691
0.2335 	66.101366
0.2345 	66.153835
0.2355 	66.206076
0.2365 	66.258167
0.2375 	66.310035
0.2385 	66.361816
0.2395 	66.413409
0.2405 	66.464922
0.2415 	66.516377
0.2425 	66.567776
0.2435 	66.61927
0.2445 	66.670686
0.2455 	66.722169
0.2465 	66.773546
0.2475 	66.825016
0.2485 	66.876459
0.2495 	66.927834
0.2505 	66.978995
0.2515 	67.029843
0.2525 	67.080348
0.2535 	67.130492
0.2545 	67.180377
0.2555 	67.229744
0.2565 	67.279024
0.2575 	67.328091
0.2585 	67.377511
0.2595 	67.42722
0.2605 	67.477391
0.2615 	67.527864
0.2625 	67.578452
0.2635 	67.629293
0.2645 	67.679731
0.2655 	67.72997
0.2665 	67.779129
0.2675 	67.827824
0.2685 	67.875404
0.2695 	67.922497
0.2705 	67.969118
0.2715 	68.015653
0.2725 	68.062645
0.2735 	68.110117
0.2745 	68.158994
0.2755 	68.208488
0.2765 	68.259688
0.2775 	68.311069
0.2785 	68.362685
0.2795 	68.413269
0.2805 	68.462623
0.2815 	68.510364
0.2825 	68.5562
0.2835 	68.600909
0.2845 	68.64391
0.2855 	68.686765
0.2865 	68.729372
0.2875 	68.773717
0.2885 	68.819662
0.2895 	68.86799
0.2905 	68.918099
0.2915 	68.969539
0.2925 	69.021767
0.2935 	69.072865
0.2945 	69.123632
0.2955 	69.17
0.2965 	69.215973
0.2975 	69.257302
0.2985 	69.300938
0.2995 	69.344013
