0 	71.4552
5.0251256e-05 	70.739015
0.00010050251 	70.02283
0.00015075377 	69.306645
0.00020100503 	68.59742
0.00025125628 	67.924489
0.00030150754 	67.251557
0.00035175879 	66.578626
0.00040201005 	65.905695
0.00045226131 	65.244118
0.00050251256 	64.602895
0.00055276382 	63.961672
0.00060301508 	63.320448
0.00065326633 	62.679225
0.00070351759 	62.038002
0.00075376884 	61.419562
0.0008040201 	60.843507
0.00085427136 	60.267452
0.00090452261 	59.691396
0.00095477387 	59.115341
0.0010050251 	58.539285
0.0010552764 	57.96323
0.0011055276 	57.387175
0.0011557789 	56.901324
0.0012060302 	56.433583
0.0012562814 	55.965842
0.0013065327 	55.498101
0.0013567839 	55.03036
0.0014070352 	54.562619
0.0014572864 	54.094878
0.0015075377 	53.627138
0.0015577889 	53.159397
0.0016080402 	52.754722
0.0016582915 	52.433983
0.0017085427 	52.113245
0.001758794 	51.792506
0.0018090452 	51.471767
0.0018592965 	51.151029
0.0019095477 	50.83029
0.001959799 	50.509552
0.0020100503 	50.188813
0.0020603015 	49.868074
0.0021105528 	49.547336
0.002160804 	49.226597
0.0022110553 	49.005993
0.0022613065 	48.835932
0.0023115578 	48.665871
0.002361809 	48.49581
0.0024120603 	48.325749
0.0024623116 	48.155688
0.0025125628 	47.985627
0.0025628141 	47.815566
0.0026130653 	47.645505
0.0026633166 	47.475444
0.0027135678 	47.305383
0.0027638191 	47.135322
0.0028140704 	46.965261
0.0028643216 	46.7952
0.0029145729 	46.625139
0.0029648241 	46.555567
0.0030150754 	46.491637
0.0030653266 	46.427706
0.0031155779 	46.363776
0.0031658291 	46.299846
0.0032160804 	46.235915
0.0032663317 	46.171985
0.0033165829 	46.108054
0.0033668342 	46.044124
0.0034170854 	45.980193
0.0034673367 	45.916263
0.0035175879 	45.852332
0.0035678392 	45.788402
0.0036180905 	45.724472
0.0036683417 	45.660541
0.003718593 	45.596611
0.0037688442 	45.53268
0.0038190955 	45.46875
0.0038693467 	45.430547
0.003919598 	45.414753
0.0039698492 	45.398959
0.0040201005 	45.383165
0.0040703518 	45.367371
0.004120603 	45.351577
0.0041708543 	45.335783
0.0042211055 	45.319988
0.0042713568 	45.304194
0.004321608 	45.2884
0.0043718593 	45.272606
0.0044221106 	45.256812
0.0044723618 	45.241018
0.0045226131 	45.225224
0.0045728643 	45.20943
0.0046231156 	45.193636
0.0046733668 	45.177842
0.0047236181 	45.162047
0.0047738693 	45.146253
0.0048241206 	45.130459
0.0048743719 	45.114665
0.0049246231 	45.098871
0.0049748744 	45.083077
0.0050251256 	45.073756
0.0050753769 	45.070908
0.0051256281 	45.068059
0.0051758794 	45.065211
0.0052261307 	45.062363
0.0052763819 	45.059515
0.0053266332 	45.056667
0.0053768844 	45.053819
0.0054271357 	45.050971
0.0054773869 	45.048122
0.0055276382 	45.045274
0.0055778894 	45.042426
0.0056281407 	45.039578
0.005678392 	45.03673
0.0057286432 	45.033882
0.0057788945 	45.031033
0.0058291457 	45.028185
0.005879397 	45.025337
0.0059296482 	45.022489
0.0059798995 	45.019641
0.0060301508 	45.016793
0.006080402 	45.013945
0.0061306533 	45.011096
0.0061809045 	45.009364
0.0062311558 	45.008911
0.006281407 	45.008459
0.0063316583 	45.008007
0.0063819095 	45.007555
0.0064321608 	45.007103
0.0064824121 	45.00665
0.0065326633 	45.006198
0.0065829146 	45.005746
0.0066331658 	45.005294
0.0066834171 	45.004842
0.0067336683 	45.004389
0.0067839196 	45.003937
0.0068341709 	45.003485
0.0068844221 	45.003033
0.0069346734 	45.00258
0.0069849246 	45.002128
0.0070351759 	45.001676
0.0070854271 	45.001244
0.0071356784 	45.00117
0.0071859296 	45.001096
0.0072361809 	45.001023
0.0072864322 	45.000949
0.0073366834 	45.000875
0.0073869347 	45.000801
0.0074371859 	45.000727
0.0074874372 	45.000654
0.0075376884 	45.00058
0.0075879397 	45.000506
0.007638191 	45.000432
0.0076884422 	45.000358
0.0077386935 	45.000285
0.0077889447 	45.000211
0.007839196 	45.000157
0.0078894472 	45.000144
0.0079396985 	45.000131
0.0079899497 	45.000118
0.008040201 	45.000105
0.0080904523 	45.000092
0.0081407035 	45.000078
0.0081909548 	45.000065
0.008241206 	45.000052
0.0082914573 	45.000039
0.0083417085 	45.000026
0.0083919598 	45.000013
0.0084422111 	45.000006
0.0084924623 	45.000003
0.0085427136 	45.000001
0.0085929648 	44.999999
0.0086432161 	44.999996
0.0086934673 	44.999994
0.0087437186 	44.999992
0.0087939698 	44.999989
0.0088442211 	44.999987
0.0088944724 	44.999985
0.0089447236 	44.999985
0.0089949749 	44.999985
0.0090452261 	44.999984
0.0090954774 	44.999984
0.0091457286 	44.999984
0.0091959799 	44.999984
0.0092462312 	44.999984
0.0092964824 	44.999984
0.0093467337 	44.999984
0.0093969849 	44.999984
0.0094472362 	44.999984
0.0094974874 	44.999985
0.0095477387 	44.999985
0.0095979899 	44.999985
0.0096482412 	44.999986
0.0096984925 	44.999986
0.0097487437 	44.999986
0.009798995 	44.999986
0.0098492462 	44.999987
0.0098994975 	44.999987
0.0099497487 	44.999987
0.01 	44.999987
