0.0005 	45.047106
0.0015 	45.168414
0.0025 	45.442076
0.0035 	45.78067
0.0045 	46.086719
0.0055 	46.461602
0.0065 	46.781915
0.0075 	47.113945
0.0085 	47.44195
0.0095 	47.733456
0.0105 	48.039094
0.0115 	48.322073
0.0125 	48.600656
0.0135 	48.876011
0.0145 	49.129782
0.0155 	49.387355
0.0165 	49.632583
0.0175 	49.872711
0.0185 	50.110618
0.0195 	50.335148
0.0205 	50.560636
0.0215 	50.778211
0.0225 	50.991344
0.0235 	51.202774
0.0245 	51.404484
0.0255 	51.606395
0.0265 	51.802692
0.0275 	51.995051
0.0285 	52.18609
0.0295 	52.370163
0.0305 	52.553854
0.0315 	52.733031
0.0325 	52.909252
0.0335 	53.084464
0.0345 	53.254272
0.0355 	53.423792
0.0365 	53.589917
0.0375 	53.75359
0.0385 	53.916406
0.0395 	54.074732
0.0405 	54.232819
0.0415 	54.388226
0.0425 	54.54157
0.0435 	54.694207
0.0445 	54.843173
0.0455 	54.991903
0.0465 	55.138412
0.0475 	55.283187
0.0485 	55.42737
0.0495 	55.568459
0.0505 	55.709339
0.0515 	55.848351
0.0525 	55.985858
0.0535 	56.122861
0.0545 	56.25723
0.0555 	56.3914
0.0565 	56.523957
0.0575 	56.655226
0.0585 	56.786058
0.0595 	56.914586
0.0605 	57.042945
0.0615 	57.169907
0.0625 	57.29573
0.0635 	57.421172
0.0645 	57.544599
0.0655 	57.667874
0.0665 	57.789918
0.0675 	57.910959
0.0685 	58.031663
0.0695 	58.150576
0.0705 	58.269355
0.0715 	58.387042
0.0725 	58.503824
0.0735 	58.620306
0.0745 	58.735202
0.0755 	58.849968
0.0765 	58.96375
0.0775 	59.076731
0.0785 	59.189442
0.0795 	59.300711
0.0805 	59.41187
0.0815 	59.522148
0.0825 	59.631688
0.0835 	59.740983
0.0845 	59.848983
0.0855 	59.956871
0.0865 	60.063952
0.0875 	60.170371
0.0885 	60.276565
0.0895 	60.381563
0.0905 	60.486465
0.0915 	60.590637
0.0925 	60.694184
0.0935 	60.797525
0.0945 	60.899783
0.0955 	61.00194
0.0965 	61.103417
0.0975 	61.204332
0.0985 	61.305057
0.0995 	61.404766
0.1005 	61.50439
0.1015 	61.603394
0.1025 	61.701857
0.1035 	61.800142
0.1045 	61.897505
0.1055 	61.994771
0.1065 	62.091451
0.1075 	62.187647
0.1085 	62.283674
0.1095 	62.378819
0.1105 	62.473885
0.1115 	62.568418
0.1125 	62.662469
0.1135 	62.756364
0.1145 	62.849459
0.1155 	62.942461
0.1165 	63.034951
0.1175 	63.127011
0.1185 	63.218922
0.1195 	63.310058
0.1205 	63.401117
0.1215 	63.491713
0.1225 	63.581874
0.1235 	63.671893
0.1245 	63.761212
0.1255 	63.850437
0.1265 	63.939209
0.1275 	64.027601
0.1285 	64.115858
0.1295 	64.203424
0.1305 	64.290919
0.1315 	64.378006
0.1325 	64.464695
0.1335 	64.551256
0.1345 	64.6372
0.1355 	64.723049
0.1365 	64.808489
0.1375 	64.89359
0.1385 	64.978567
0.1395 	65.062918
0.1405 	65.147202
0.1415 	65.231126
0.1425 	65.314678
0.1435 	65.398112
0.1445 	65.481
0.1455 	65.56379
0.1465 	65.646209
0.1475 	65.728324
0.1485 	65.810323
0.1495 	65.891749
0.1505 	65.973113
0.1515 	66.054158
0.1525 	66.134849
0.1535 	66.215432
0.1545 	66.295531
0.1555 	66.375526
0.1565 	66.455179
0.1575 	66.534563
0.1585 	66.613839
0.1595 	66.692582
0.1605 	66.77127
0.1615 	66.849676
0.1625 	66.927742
0.1635 	67.005706
0.1645 	67.083241
0.1655 	67.160668
0.1665 	67.237778
0.1675 	67.314644
0.1685 	67.391408
0.1695 	67.467679
0.1705 	67.543896
0.1715 	67.61986
0.1725 	67.695503
0.1735 	67.771049
0.1745 	67.846209
0.1755 	67.921261
0.1765 	67.996021
0.1775 	68.070557
0.1785 	68.144998
0.1795 	68.218984
0.1805 	68.292917
0.1815 	68.366618
0.1825 	68.44002
0.1835 	68.513331
0.1845 	68.586281
0.1855 	68.659126
0.1865 	68.731699
0.1875 	68.804069
0.1885 	68.876348
0.1895 	68.948201
0.1905 	69.020006
0.1915 	69.091604
0.1925 	69.162901
0.1935 	69.234111
0.1945 	69.305015
0.1955 	69.3758
0.1965 	69.446319
0.1975 	69.516671
0.1985 	69.586936
0.1995 	69.656775
0.2005 	69.726584
0.2015 	69.796219
0.2025 	69.865544
0.2035 	69.934788
0.2045 	70.003775
0.2055 	70.072631
0.2065 	70.141226
0.2075 	70.209687
0.2085 	70.278064
0.2095 	70.346019
0.2105 	70.413958
0.2115 	70.481751
0.2125 	70.549221
0.2135 	70.616616
0.2145 	70.683801
0.2155 	70.75084
0.2165 	70.817616
0.2175 	70.884301
0.2185 	70.950905
0.2195 	71.017079
0.2205 	71.083259
0.2215 	71.149329
0.2225 	71.215052
0.2235 	71.280705
0.2245 	71.346204
0.2255 	71.411537
0.2265 	71.4766
0.2275 	71.54162
0.2285 	71.606563
0.2295 	71.671058
0.2305 	71.735585
0.2315 	71.800035
0.2325 	71.86411
0.2335 	71.928119
0.2345 	71.992034
0.2355 	72.055757
0.2365 	72.119198
0.2375 	72.182641
0.2385 	72.246008
0.2395 	72.308909
0.2405 	72.371867
0.2415 	72.434784
0.2425 	72.497283
0.2435 	72.559719
0.2445 	72.62213
0.2455 	72.684315
0.2465 	72.746193
0.2475 	72.808159
0.2485 	72.870048
0.2495 	72.9314
0.2505 	72.992873
0.2515 	73.054374
0.2525 	73.115361
0.2535 	73.176294
0.2545 	73.237338
0.2555 	73.298078
0.2565 	73.358444
0.2575 	73.419039
0.2585 	73.479557
0.2595 	73.539417
0.2605 	73.599479
0.2615 	73.659657
0.2625 	73.719191
0.2635 	73.778675
0.2645 	73.83842
0.2655 	73.897775
0.2665 	73.956679
0.2675 	74.015979
0.2685 	74.0752
0.2695 	74.133602
0.2705 	74.192329
0.2715 	74.251298
0.2725 	74.309406
0.2735 	74.367477
0.2745 	74.42607
0.2755 	74.484107
0.2765 	74.541536
0.2775 	74.599675
0.2785 	74.657726
0.2795 	74.714631
0.2805 	74.772096
0.2815 	74.830038
0.2825 	74.886686
0.2835 	74.943315
0.2845 	75.000982
0.2855 	75.057744
0.2865 	75.113559
0.2875 	75.17076
0.2885 	75.227859
0.2895 	75.283073
0.2905 	75.339376
0.2915 	75.396694
0.2925 	75.451683
0.2935 	75.506702
0.2945 	75.564099
0.2955 	75.619567
0.2965 	75.67302
0.2975 	75.730221
0.2985 	75.788066
0.2995 	75.844828
