# Region type : patch warmPlate
# Faces       : 1346
# Area        : 2.432699e-01
# Scale factor: 1.000000e+00
# Time        	areaIntegrate(wallHeatFlux)
50            	1.779436e+00
100           	1.779429e+00
150           	1.779428e+00
200           	1.779426e+00
250           	1.779425e+00
300           	1.779425e+00
350           	1.779424e+00
400           	1.779424e+00
450           	1.779424e+00
500           	1.779424e+00
550           	1.779424e+00
600           	1.779424e+00
650           	1.779424e+00
700           	1.779424e+00
750           	1.779424e+00
800           	1.779424e+00
850           	1.779424e+00
900           	1.779424e+00
950           	1.779424e+00
1000          	1.779424e+00
1050          	1.779424e+00
1100          	1.779424e+00
1150          	1.779424e+00
1200          	1.779424e+00
1250          	1.779424e+00
1300          	1.779424e+00
1350          	1.779424e+00
1400          	1.779424e+00
1450          	1.779424e+00
1500          	1.779424e+00
1550          	1.779424e+00
1600          	1.779424e+00
1650          	1.779424e+00
1700          	1.779424e+00
1750          	1.779424e+00
1800          	1.779424e+00
1850          	1.779424e+00
1900          	1.779424e+00
1950          	1.779424e+00
2000          	1.779424e+00
2050          	1.779424e+00
2100          	1.779424e+00
2150          	1.779424e+00
2200          	1.779424e+00
2250          	1.779424e+00
2300          	1.779424e+00
2350          	1.779424e+00
2400          	1.779424e+00
2450          	1.779424e+00
2500          	1.779424e+00
2550          	1.779424e+00
2600          	1.779424e+00
2650          	1.779424e+00
2700          	1.779424e+00
2750          	1.779424e+00
2800          	1.779424e+00
2850          	1.779424e+00
2900          	1.779424e+00
