0.0005 	77.016539
0.0015 	77.054471
0.0025 	77.098532
0.0035 	77.14728
0.0045 	77.18564
0.0055 	77.241757
0.0065 	77.288027
0.0075 	77.342417
0.0085 	77.398888
0.0095 	77.445654
0.0105 	77.501464
0.0115 	77.550889
0.0125 	77.603035
0.0135 	77.655867
0.0145 	77.702398
0.0155 	77.753321
0.0165 	77.800188
0.0175 	77.847901
0.0185 	77.895889
0.0195 	77.939523
0.0205 	77.985637
0.0215 	78.028994
0.0225 	78.072548
0.0235 	78.116195
0.0245 	78.156727
0.0255 	78.198755
0.0265 	78.23882
0.0275 	78.278809
0.0285 	78.31881
0.0295 	78.356488
0.0305 	78.395122
0.0315 	78.432293
0.0325 	78.469276
0.0335 	78.506239
0.0345 	78.541396
0.0355 	78.577206
0.0365 	78.611878
0.0375 	78.646329
0.0385 	78.680744
0.0395 	78.713709
0.0405 	78.747143
0.0415 	78.779663
0.0425 	78.811958
0.0435 	78.844214
0.0445 	78.875278
0.0455 	78.906694
0.0465 	78.937358
0.0475 	78.967807
0.0485 	78.998216
0.0495 	79.027624
0.0505 	79.057309
0.0515 	79.08636
0.0525 	79.115212
0.0535 	79.144027
0.0545 	79.171987
0.0555 	79.20017
0.0565 	79.227812
0.0575 	79.255273
0.0585 	79.282697
0.0595 	79.309384
0.0605 	79.336253
0.0615 	79.362655
0.0625 	79.388891
0.0635 	79.415093
0.0645 	79.440651
0.0655 	79.466361
0.0665 	79.491663
0.0675 	79.516813
0.0685 	79.541933
0.0695 	79.566483
0.0705 	79.591164
0.0715 	79.615483
0.0725 	79.639664
0.0735 	79.663816
0.0745 	79.687463
0.0755 	79.711222
0.0765 	79.734659
0.0775 	79.757968
0.0785 	79.781251
0.0795 	79.80408
0.0805 	79.827006
0.0815 	79.849643
0.0825 	79.872163
0.0835 	79.894658
0.0845 	79.916741
0.0855 	79.938912
0.0865 	79.96082
0.0875 	79.982619
0.0885 	80.004396
0.0895 	80.025799
0.0905 	80.04728
0.0915 	80.068521
0.0925 	80.089662
0.0935 	80.110782
0.0945 	80.131559
0.0955 	80.152406
0.0965 	80.173035
0.0975 	80.193569
0.0985 	80.214084
0.0995 	80.234285
0.1005 	80.254548
0.1015 	80.27461
0.1025 	80.294585
0.1035 	80.314541
0.1045 	80.334206
0.1055 	80.353929
0.1065 	80.373466
0.1075 	80.392921
0.1085 	80.41236
0.1095 	80.431528
0.1105 	80.45075
0.1115 	80.469798
0.1125 	80.488771
0.1135 	80.507727
0.1145 	80.526433
0.1155 	80.545186
0.1165 	80.563779
0.1175 	80.582301
0.1185 	80.600806
0.1195 	80.619078
0.1205 	80.637394
0.1215 	80.65556
0.1225 	80.673658
0.1235 	80.691742
0.1245 	80.709606
0.1255 	80.727511
0.1265 	80.745276
0.1275 	80.762976
0.1285 	80.780663
0.1295 	80.798144
0.1305 	80.815663
0.1315 	80.83305
0.1325 	80.850377
0.1335 	80.86769
0.1345 	80.88481
0.1355 	80.901965
0.1365 	80.918995
0.1375 	80.935968
0.1385 	80.952929
0.1395 	80.969706
0.1405 	80.986517
0.1415 	81.00321
0.1425 	81.019848
0.1435 	81.036475
0.1445 	81.052928
0.1455 	81.069412
0.1465 	81.085785
0.1475 	81.102106
0.1485 	81.118415
0.1495 	81.13456
0.1505 	81.150734
0.1515 	81.166803
0.1525 	81.182822
0.1535 	81.198829
0.1545 	81.214681
0.1555 	81.23056
0.1565 	81.246339
0.1575 	81.26207
0.1585 	81.27779
0.1595 	81.293363
0.1605 	81.30896
0.1615 	81.324463
0.1625 	81.33992
0.1635 	81.355366
0.1645 	81.370672
0.1655 	81.386001
0.1665 	81.40124
0.1675 	81.416434
0.1685 	81.431619
0.1695 	81.446669
0.1705 	81.461742
0.1715 	81.476728
0.1725 	81.491672
0.1735 	81.506607
0.1745 	81.521413
0.1755 	81.53624
0.1765 	81.550985
0.1775 	81.565689
0.1785 	81.580384
0.1795 	81.594956
0.1805 	81.609547
0.1815 	81.62406
0.1825 	81.638534
0.1835 	81.652999
0.1845 	81.667346
0.1855 	81.681712
0.1865 	81.696002
0.1875 	81.710255
0.1885 	81.724499
0.1895 	81.73863
0.1905 	81.752779
0.1915 	81.766855
0.1925 	81.780894
0.1935 	81.794926
0.1945 	81.808849
0.1955 	81.822789
0.1965 	81.83666
0.1975 	81.850495
0.1985 	81.864322
0.1995 	81.878044
0.2005 	81.891783
0.2015 	81.905455
0.2025 	81.919093
0.2035 	81.932723
0.2045 	81.946252
0.2055 	81.959797
0.2065 	81.973278
0.2075 	81.986725
0.2085 	82.000165
0.2095 	82.013509
0.2105 	82.026867
0.2115 	82.040162
0.2125 	82.053426
0.2135 	82.066683
0.2145 	82.079846
0.2155 	82.093024
0.2165 	82.106141
0.2175 	82.119228
0.2185 	82.132307
0.2195 	82.145297
0.2205 	82.1583
0.2215 	82.171245
0.2225 	82.18416
0.2235 	82.197069
0.2245 	82.20989
0.2255 	82.222725
0.2265 	82.235503
0.2275 	82.248253
0.2285 	82.260995
0.2295 	82.273654
0.2305 	82.286326
0.2315 	82.298943
0.2325 	82.311532
0.2335 	82.324115
0.2345 	82.336616
0.2355 	82.349129
0.2365 	82.36159
0.2375 	82.374024
0.2385 	82.386451
0.2395 	82.3988
0.2405 	82.41116
0.2415 	82.423469
0.2425 	82.435752
0.2435 	82.448029
0.2445 	82.460229
0.2455 	82.472441
0.2465 	82.484603
0.2475 	82.49674
0.2485 	82.508871
0.2495 	82.520928
0.2505 	82.532995
0.2515 	82.545015
0.2525 	82.557009
0.2535 	82.568998
0.2545 	82.580916
0.2555 	82.592843
0.2565 	82.604724
0.2575 	82.616581
0.2585 	82.628431
0.2595 	82.640213
0.2605 	82.652004
0.2615 	82.663751
0.2625 	82.675473
0.2635 	82.68719
0.2645 	82.69884
0.2655 	82.710499
0.2665 	82.722114
0.2675 	82.733706
0.2685 	82.745293
0.2695 	82.756814
0.2705 	82.768344
0.2715 	82.779832
0.2725 	82.791297
0.2735 	82.802756
0.2745 	82.814152
0.2755 	82.825557
0.2765 	82.83692
0.2775 	82.848261
0.2785 	82.859597
0.2795 	82.870871
0.2805 	82.882153
0.2815 	82.893395
0.2825 	82.904616
0.2835 	82.915831
0.2845 	82.926986
0.2855 	82.938148
0.2865 	82.949272
0.2875 	82.960374
0.2885 	82.971471
0.2895 	82.98251
0.2905 	82.993555
0.2915 	83.004562
0.2925 	83.015549
0.2935 	83.026529
0.2945 	83.037442
0.2955 	83.048369
0.2965 	83.059266
0.2975 	83.070083
0.2985 	83.080195
0.2995 	83.086834
