# Region type : patch outlet
# Faces         : 1620
# Area          : 5.00000000e-04
# Scale factor  : 1.00000000e+00
# Time          	areaAverage(T)
6100            	4.97691511e+01
6200            	4.97824253e+01
6300            	4.98304955e+01
6400            	4.98788546e+01
6500            	4.99051997e+01
6600            	4.99209287e+01
6700            	4.99386087e+01
6800            	4.99388815e+01
6900            	4.99308892e+01
7000            	4.99473183e+01
7100            	4.99431129e+01
7200            	4.99450649e+01
7300            	4.99442938e+01
7400            	4.99443884e+01
7500            	4.99468685e+01
7600            	4.99438175e+01
7700            	4.99446681e+01
7800            	4.99460571e+01
7900            	4.99448979e+01
8000            	4.99453578e+01
8100            	4.99418371e+01
8200            	4.99476183e+01
8300            	4.99419861e+01
8400            	4.99445285e+01
8500            	4.99448092e+01
8600            	4.99459063e+01
8700            	4.99492409e+01
8800            	4.99428185e+01
8900            	4.99491481e+01
9000            	4.99449501e+01
9100            	4.99474100e+01
9200            	4.99440279e+01
9300            	4.99447325e+01
9400            	4.99489745e+01
9500            	4.99419329e+01
9600            	4.99494775e+01
9700            	4.99413723e+01
9800            	4.99465491e+01
9900            	4.99455409e+01
10000           	4.99451079e+01
