# Region type : patch outlet
# Faces         : 1620
# Area          : 5.00000000e-04
# Scale factor  : 1.00000000e+00
# Time          	areaAverage(T)
100             	5.10369446e+01
200             	5.12306850e+01
300             	4.68234075e+01
400             	4.65382114e+01
500             	4.65300162e+01
600             	4.65308771e+01
700             	4.65339763e+01
800             	4.65357212e+01
900             	4.65362394e+01
1000            	4.65361864e+01
1100            	4.65361886e+01
1200            	4.65361957e+01
1300            	4.65361849e+01
1400            	4.65361955e+01
1500            	4.65361854e+01
1600            	4.65361897e+01
1700            	4.65361923e+01
1800            	4.65361770e+01
1900            	4.65361718e+01
2000            	4.65361964e+01
2100            	4.65361823e+01
2200            	4.65362135e+01
2300            	4.65361912e+01
2400            	4.65362027e+01
2500            	4.65361840e+01
2600            	4.65361918e+01
2700            	4.65361759e+01
2800            	4.65361888e+01
2900            	4.65361792e+01
3000            	4.65362034e+01
3100            	4.65361975e+01
3200            	4.65362026e+01
3300            	4.65361852e+01
3400            	4.65361946e+01
3500            	4.65361768e+01
3600            	4.65361896e+01
3700            	4.65362076e+01
3800            	4.65361787e+01
3900            	4.65361910e+01
4000            	4.65361623e+01
4100            	4.65361899e+01
4200            	4.65362012e+01
4300            	4.65361910e+01
4400            	4.65361770e+01
4500            	4.65361876e+01
4600            	4.65361869e+01
4700            	4.65362022e+01
4800            	4.65361918e+01
4900            	4.65361978e+01
5000            	4.65361838e+01
5100            	4.65361612e+01
5200            	4.65361866e+01
5300            	4.65362016e+01
5400            	4.65361893e+01
5500            	4.65361794e+01
5600            	4.65361821e+01
5700            	4.65361812e+01
5800            	4.65361928e+01
5900            	4.65362001e+01
6000            	4.65361782e+01
6100            	4.65361729e+01
6200            	4.65361867e+01
6300            	4.65362007e+01
6400            	4.65362106e+01
6500            	4.65361923e+01
6600            	4.65361998e+01
6700            	4.65361829e+01
6800            	4.65361861e+01
6900            	4.65361931e+01
7000            	4.65361934e+01
7100            	4.65361935e+01
7200            	4.65361822e+01
7300            	4.65361846e+01
7400            	4.65361836e+01
7500            	4.65361977e+01
7600            	4.65361952e+01
7700            	4.65361908e+01
7800            	4.65362012e+01
7900            	4.65361809e+01
8000            	4.65361855e+01
