# Region type : patch heatedWall
# Faces         : 16200
# Area          : 1.50000000e-02
# Scale factor  : 1.00000000e+00
# Time          	areaAverage(T)
100             	8.00174225e+01
200             	8.12180364e+01
300             	8.20776390e+01
400             	8.27424939e+01
500             	8.32721499e+01
600             	8.36986077e+01
700             	8.40417167e+01
800             	8.43148341e+01
900             	8.45269574e+01
1000            	8.46849692e+01
1100            	8.47975847e+01
1200            	8.48753783e+01
1300            	8.49280715e+01
1400            	8.49632588e+01
1500            	8.49864303e+01
1600            	8.50014425e+01
1700            	8.50109882e+01
1800            	8.50169363e+01
1900            	8.50205660e+01
2000            	8.50227346e+01
2100            	8.50240032e+01
2200            	8.50247298e+01
