0.0005 	77.000533
0.0015 	77.002062
0.0025 	77.004251
0.0035 	77.006457
0.0045 	77.007875
0.0055 	77.01048
0.0065 	77.012479
0.0075 	77.015094
0.0085 	77.018086
0.0095 	77.0202
0.0105 	77.023427
0.0115 	77.026001
0.0125 	77.029106
0.0135 	77.032537
0.0145 	77.035057
0.0155 	77.038603
0.0165 	77.041496
0.0175 	77.04484
0.0185 	77.048435
0.0195 	77.051197
0.0205 	77.054806
0.0215 	77.057835
0.0225 	77.061195
0.0235 	77.064715
0.0245 	77.067557
0.0255 	77.071017
0.0265 	77.074022
0.0275 	77.077242
0.0285 	77.080542
0.0295 	77.083368
0.0305 	77.086567
0.0315 	77.089461
0.0325 	77.092455
0.0335 	77.095462
0.0345 	77.098184
0.0355 	77.101066
0.0365 	77.103774
0.0375 	77.106485
0.0385 	77.109166
0.0395 	77.111705
0.0405 	77.114253
0.0415 	77.116721
0.0425 	77.119129
0.0435 	77.121488
0.0445 	77.123793
0.0455 	77.126022
0.0465 	77.12823
0.0475 	77.130347
0.0485 	77.13241
0.0495 	77.134468
0.0505 	77.136415
0.0515 	77.138373
0.0525 	77.140236
0.0535 	77.142049
0.0545 	77.143881
0.0555 	77.145597
0.0565 	77.147336
0.0575 	77.148987
0.0585 	77.150593
0.0595 	77.152227
0.0605 	77.153754
0.0615 	77.155306
0.0625 	77.156781
0.0635 	77.158219
0.0645 	77.159683
0.0655 	77.161054
0.0665 	77.162449
0.0675 	77.163778
0.0685 	77.165076
0.0695 	77.166396
0.0705 	77.167638
0.0715 	77.1689
0.0725 	77.170106
0.0735 	77.171286
0.0745 	77.172484
0.0755 	77.173617
0.0765 	77.174766
0.0775 	77.175868
0.0785 	77.176948
0.0795 	77.178042
0.0805 	77.179082
0.0815 	77.180134
0.0825 	77.181146
0.0835 	77.182139
0.0845 	77.183145
0.0855 	77.184103
0.0865 	77.185072
0.0875 	77.186007
0.0885 	77.186925
0.0895 	77.187856
0.0905 	77.188744
0.0915 	77.189644
0.0925 	77.190512
0.0935 	77.191365
0.0945 	77.192232
0.0955 	77.193059
0.0965 	77.193898
0.0975 	77.194709
0.0985 	77.195506
0.0995 	77.196318
0.1005 	77.197091
0.1015 	77.197877
0.1025 	77.198637
0.1035 	77.199384
0.1045 	77.200146
0.1055 	77.200873
0.1065 	77.201612
0.1075 	77.202327
0.1085 	77.20303
0.1095 	77.203747
0.1105 	77.204432
0.1115 	77.205128
0.1125 	77.205802
0.1135 	77.206466
0.1145 	77.207143
0.1155 	77.207789
0.1165 	77.208446
0.1175 	77.209084
0.1185 	77.209711
0.1195 	77.210351
0.1205 	77.210962
0.1215 	77.211584
0.1225 	77.212187
0.1235 	77.212779
0.1245 	77.213384
0.1255 	77.213962
0.1265 	77.21455
0.1275 	77.21512
0.1285 	77.215681
0.1295 	77.216254
0.1305 	77.216801
0.1315 	77.217358
0.1325 	77.217898
0.1335 	77.218429
0.1345 	77.218973
0.1355 	77.219492
0.1365 	77.220021
0.1375 	77.220534
0.1385 	77.221038
0.1395 	77.221555
0.1405 	77.222048
0.1415 	77.222551
0.1425 	77.223039
0.1435 	77.223519
0.1445 	77.224011
0.1455 	77.22448
0.1465 	77.224959
0.1475 	77.225423
0.1485 	77.22588
0.1495 	77.226349
0.1505 	77.226796
0.1515 	77.227253
0.1525 	77.227697
0.1535 	77.228133
0.1545 	77.228581
0.1555 	77.229008
0.1565 	77.229445
0.1575 	77.229869
0.1585 	77.230287
0.1595 	77.230716
0.1605 	77.231125
0.1615 	77.231544
0.1625 	77.231951
0.1635 	77.232351
0.1645 	77.232762
0.1655 	77.233155
0.1665 	77.233556
0.1675 	77.233945
0.1685 	77.234329
0.1695 	77.234724
0.1705 	77.2351
0.1715 	77.235485
0.1725 	77.235859
0.1735 	77.236226
0.1745 	77.236605
0.1755 	77.236966
0.1765 	77.237335
0.1775 	77.237693
0.1785 	77.238046
0.1795 	77.23841
0.1805 	77.238757
0.1815 	77.239111
0.1825 	77.239456
0.1835 	77.239795
0.1845 	77.240145
0.1855 	77.240478
0.1865 	77.240818
0.1875 	77.24115
0.1885 	77.241476
0.1895 	77.241812
0.1905 	77.242133
0.1915 	77.242461
0.1925 	77.24278
0.1935 	77.243094
0.1945 	77.243418
0.1955 	77.243727
0.1965 	77.244043
0.1975 	77.244352
0.1985 	77.244655
0.1995 	77.24497
0.2005 	77.245269
0.2015 	77.245576
0.2025 	77.245876
0.2035 	77.246171
0.2045 	77.246476
0.2055 	77.246767
0.2065 	77.247065
0.2075 	77.247356
0.2085 	77.247643
0.2095 	77.247939
0.2105 	77.248222
0.2115 	77.248512
0.2125 	77.248795
0.2135 	77.249073
0.2145 	77.249361
0.2155 	77.249637
0.2165 	77.24992
0.2175 	77.250195
0.2185 	77.250467
0.2195 	77.250748
0.2205 	77.251017
0.2215 	77.251292
0.2225 	77.251561
0.2235 	77.251826
0.2245 	77.252099
0.2255 	77.252361
0.2265 	77.252629
0.2275 	77.252891
0.2285 	77.253149
0.2295 	77.253415
0.2305 	77.25367
0.2315 	77.25393
0.2325 	77.254185
0.2335 	77.254437
0.2345 	77.254695
0.2355 	77.254943
0.2365 	77.255196
0.2375 	77.255444
0.2385 	77.255689
0.2395 	77.25594
0.2405 	77.256182
0.2415 	77.256429
0.2425 	77.256671
0.2435 	77.256909
0.2445 	77.257155
0.2455 	77.257391
0.2465 	77.257632
0.2475 	77.257868
0.2485 	77.258101
0.2495 	77.258341
0.2505 	77.258572
0.2515 	77.258808
0.2525 	77.259039
0.2535 	77.259267
0.2545 	77.259501
0.2555 	77.259727
0.2565 	77.259957
0.2575 	77.260183
0.2585 	77.260406
0.2595 	77.260635
0.2605 	77.260856
0.2615 	77.261081
0.2625 	77.261302
0.2635 	77.26152
0.2645 	77.261745
0.2655 	77.26196
0.2665 	77.26218
0.2675 	77.262396
0.2685 	77.262609
0.2695 	77.262829
0.2705 	77.26304
0.2715 	77.263255
0.2725 	77.263467
0.2735 	77.263676
0.2745 	77.26389
0.2755 	77.264098
0.2765 	77.264309
0.2775 	77.264517
0.2785 	77.264722
0.2795 	77.264934
0.2805 	77.265138
0.2815 	77.265346
0.2825 	77.265551
0.2835 	77.265754
0.2845 	77.265962
0.2855 	77.266164
0.2865 	77.26637
0.2875 	77.266573
0.2885 	77.266774
0.2895 	77.266981
0.2905 	77.267182
0.2915 	77.267387
0.2925 	77.267589
0.2935 	77.267789
0.2945 	77.267996
0.2955 	77.268197
0.2965 	77.268402
0.2975 	77.268606
0.2985 	77.268805
0.2995 	77.268981
