# Region type : patch heatedWall
# Faces         : 7200
# Area          : 1.50000000e-02
# Scale factor  : 1.00000000e+00
# Time          	areaAverage(T)
100             	6.57859120e+01
200             	6.65722604e+01
300             	6.69699011e+01
400             	6.70784296e+01
500             	6.70860229e+01
600             	6.70860842e+01
700             	6.70863413e+01
800             	6.70862633e+01
900             	6.70861752e+01
1000            	6.70861180e+01
1100            	6.70860799e+01
1200            	6.70860913e+01
1300            	6.70860993e+01
1400            	6.70860961e+01
1500            	6.70860709e+01
1600            	6.70860777e+01
1700            	6.70860262e+01
1800            	6.70860417e+01
1900            	6.70860183e+01
2000            	6.70859945e+01
2100            	6.70859770e+01
2200            	6.70859483e+01
2300            	6.70859602e+01
2400            	6.70859432e+01
2500            	6.70859177e+01
2600            	6.70859059e+01
2700            	6.70859025e+01
2800            	6.70859129e+01
2900            	6.70859123e+01
3000            	6.70859067e+01
3100            	6.70859083e+01
3200            	6.70859101e+01
3300            	6.70859018e+01
3400            	6.70858916e+01
3500            	6.70858909e+01
3600            	6.70858895e+01
3700            	6.70858803e+01
3800            	6.70858800e+01
3900            	6.70858911e+01
4000            	6.70858963e+01
4100            	6.70858943e+01
4200            	6.70859004e+01
4300            	6.70859022e+01
4400            	6.70859031e+01
4500            	6.70858970e+01
4600            	6.70858940e+01
4700            	6.70858933e+01
4800            	6.70858795e+01
4900            	6.70858785e+01
5000            	6.70858846e+01
5100            	6.70858867e+01
5200            	6.70858877e+01
5300            	6.70858915e+01
5400            	6.70858928e+01
5500            	6.70859058e+01
5600            	6.70859033e+01
5700            	6.70859054e+01
5800            	6.70859014e+01
5900            	6.70858981e+01
6000            	6.70858975e+01
