# Region type : patch outlet
# Faces         : 1620
# Area          : 5.00000000e-04
# Scale factor  : 1.00000000e+00
# Time          	areaAverage(T)
100             	5.31942094e+01
200             	5.42985825e+01
300             	5.15681839e+01
400             	5.15270858e+01
500             	5.16767760e+01
600             	5.18235378e+01
700             	5.19430965e+01
800             	5.19763426e+01
900             	5.19758570e+01
1000            	5.19736721e+01
1100            	5.19729847e+01
1200            	5.19729547e+01
1300            	5.19729766e+01
1400            	5.19728990e+01
1500            	5.19730699e+01
1600            	5.19728912e+01
1700            	5.19728667e+01
1800            	5.19729128e+01
1900            	5.19728790e+01
2000            	5.19728747e+01
2100            	5.19729947e+01
2200            	5.19729200e+01
2300            	5.19730532e+01
2400            	5.19729420e+01
2500            	5.19728711e+01
2600            	5.19730518e+01
2700            	5.19730593e+01
2800            	5.19730943e+01
2900            	5.19728267e+01
3000            	5.19729877e+01
3100            	5.19728238e+01
3200            	5.19728601e+01
3300            	5.19729161e+01
3400            	5.19730207e+01
3500            	5.19728092e+01
3600            	5.19728494e+01
3700            	5.19729280e+01
3800            	5.19729454e+01
3900            	5.19728603e+01
4000            	5.19727947e+01
4100            	5.19729523e+01
4200            	5.19728985e+01
4300            	5.19729267e+01
4400            	5.19728397e+01
4500            	5.19729212e+01
4600            	5.19728747e+01
4700            	5.19729323e+01
4800            	5.19730161e+01
4900            	5.19728915e+01
5000            	5.19729833e+01
5100            	5.19729456e+01
5200            	5.19728561e+01
5300            	5.19729634e+01
5400            	5.19729626e+01
5500            	5.19728589e+01
5600            	5.19728657e+01
5700            	5.19730424e+01
5800            	5.19729427e+01
5900            	5.19729515e+01
6000            	5.19729038e+01
