# Region type : patch inlet
# Faces         : 1620
# Area          : 5.00000000e-04
# Scale factor  : 1.00000000e+00
# Time          	areaAverage(p)
100             	1.80000011e+06
200             	1.80000009e+06
300             	1.80000011e+06
400             	1.80000011e+06
500             	1.80000011e+06
600             	1.80000011e+06
700             	1.80000011e+06
800             	1.80000011e+06
900             	1.80000011e+06
1000            	1.80000011e+06
1100            	1.80000011e+06
1200            	1.80000011e+06
1300            	1.80000011e+06
1400            	1.80000011e+06
1500            	1.80000011e+06
1600            	1.80000011e+06
1700            	1.80000011e+06
1800            	1.80000011e+06
1900            	1.80000011e+06
2000            	1.80000011e+06
2100            	1.80000011e+06
2200            	1.80000011e+06
2300            	1.80000011e+06
2400            	1.80000011e+06
2500            	1.80000011e+06
2600            	1.80000011e+06
2700            	1.80000011e+06
2800            	1.80000011e+06
2900            	1.80000011e+06
3000            	1.80000011e+06
3100            	1.80000011e+06
3200            	1.80000011e+06
3300            	1.80000011e+06
3400            	1.80000011e+06
3500            	1.80000011e+06
3600            	1.80000011e+06
3700            	1.80000011e+06
3800            	1.80000011e+06
3900            	1.80000011e+06
4000            	1.80000011e+06
4100            	1.80000011e+06
4200            	1.80000011e+06
4300            	1.80000011e+06
4400            	1.80000011e+06
4500            	1.80000011e+06
4600            	1.80000011e+06
4700            	1.80000011e+06
4800            	1.80000011e+06
4900            	1.80000011e+06
5000            	1.80000011e+06
5100            	1.80000011e+06
5200            	1.80000011e+06
5300            	1.80000011e+06
5400            	1.80000011e+06
5500            	1.80000011e+06
5600            	1.80000011e+06
5700            	1.80000011e+06
5800            	1.80000011e+06
5900            	1.80000011e+06
6000            	1.80000011e+06
