# Region type : patch OVC
# Faces       : 2800
# Area        : 5.383731e-01
# Scale factor: 1.000000e+00
# Time        	areaIntegrate(wallHeatFlux)
50            	-6.172647e-03
100           	-6.172647e-03
150           	-6.172647e-03
200           	-6.172647e-03
250           	-6.172647e-03
300           	-6.172647e-03
350           	-6.172647e-03
400           	-6.172647e-03
450           	-6.172647e-03
500           	-6.172647e-03
550           	-6.172647e-03
600           	-6.172647e-03
650           	-6.172647e-03
700           	-6.172647e-03
750           	-6.172647e-03
800           	-6.172647e-03
850           	-6.172647e-03
900           	-6.172647e-03
950           	-6.172647e-03
1000          	-6.172647e-03
1050          	-6.172647e-03
1100          	-6.172647e-03
1150          	-6.172647e-03
1200          	-6.172647e-03
1250          	-6.172647e-03
1300          	-6.172647e-03
1350          	-6.172647e-03
1400          	-6.172647e-03
1450          	-6.172647e-03
1500          	-6.172647e-03
1550          	-6.172647e-03
1600          	-6.172647e-03
1650          	-6.172647e-03
1700          	-6.172647e-03
1750          	-6.172647e-03
1800          	-6.172647e-03
1850          	-6.172647e-03
1900          	-6.172647e-03
1950          	-6.172647e-03
2000          	-6.172647e-03
2050          	-6.172647e-03
2100          	-6.172647e-03
2150          	-6.172647e-03
2200          	-6.172647e-03
2250          	-6.172647e-03
2300          	-6.172647e-03
2350          	-6.172647e-03
2400          	-6.172647e-03
2450          	-6.172647e-03
2500          	-6.172647e-03
2550          	-6.172647e-03
2600          	-6.172647e-03
2650          	-6.172647e-03
2700          	-6.172647e-03
2750          	-6.172647e-03
2800          	-6.172647e-03
2850          	-6.172647e-03
2900          	-6.172647e-03
2950          	-6.172647e-03
3000          	-6.172647e-03
3050          	-6.172647e-03
3100          	-6.172647e-03
3150          	-6.172647e-03
3200          	-6.172647e-03
3250          	-6.172647e-03
3300          	-6.172647e-03
3350          	-6.172647e-03
3400          	-6.172647e-03
3450          	-6.172647e-03
3500          	-6.172647e-03
3550          	-6.172647e-03
3600          	-6.172647e-03
3650          	-6.172647e-03
3700          	-6.172647e-03
3750          	-6.172647e-03
3800          	-6.172647e-03
