# Region type : patch OVC
# Faces       : 2800
# Area        : 5.383731e-01
# Scale factor: 1.000000e+00
# Time        	areaIntegrate(wallHeatFlux)
50            	-6.100653e-03
100           	-6.083872e-03
150           	-6.077509e-03
200           	-6.074222e-03
250           	-6.075115e-03
300           	-6.077096e-03
350           	-6.077559e-03
400           	-6.077748e-03
450           	-6.077183e-03
500           	-6.077525e-03
550           	-6.077787e-03
600           	-6.079434e-03
650           	-6.080043e-03
700           	-6.080299e-03
750           	-6.080278e-03
800           	-6.079154e-03
850           	-6.078971e-03
900           	-6.079215e-03
950           	-6.078829e-03
1000          	-6.079370e-03
1050          	-6.079335e-03
1100          	-6.079332e-03
1150          	-6.079266e-03
1200          	-6.079131e-03
1250          	-6.079255e-03
1300          	-6.079178e-03
1350          	-6.079432e-03
1400          	-6.079198e-03
1450          	-6.078944e-03
1500          	-6.079156e-03
1550          	-6.079019e-03
1600          	-6.079035e-03
1650          	-6.079436e-03
1700          	-6.078789e-03
1750          	-6.079195e-03
1800          	-6.079207e-03
1850          	-6.078902e-03
1900          	-6.079096e-03
1950          	-6.078665e-03
2000          	-6.079161e-03
2050          	-6.078358e-03
2100          	-6.078494e-03
2150          	-6.078510e-03
2200          	-6.079029e-03
2250          	-6.079495e-03
2300          	-6.079296e-03
2350          	-6.078930e-03
2400          	-6.079660e-03
2450          	-6.079341e-03
2500          	-6.079348e-03
2550          	-6.080268e-03
2600          	-6.079999e-03
2650          	-6.081548e-03
2700          	-6.080245e-03
2750          	-6.079559e-03
2800          	-6.080909e-03
2850          	-6.080613e-03
2900          	-6.080391e-03
2950          	-6.080642e-03
3000          	-6.080691e-03
3050          	-6.081519e-03
3100          	-6.082025e-03
3150          	-6.083185e-03
3200          	-6.081910e-03
3250          	-6.081502e-03
