0.0005 	44.999999
0.0015 	44.999998
0.0025 	44.999997
0.0035 	44.999995
0.0045 	44.999994
0.0055 	44.999993
0.0065 	44.999992
0.0075 	44.99999
0.0085 	44.999989
0.0095 	44.999989
0.0105 	44.999989
0.0115 	44.999989
0.0125 	44.999989
0.0135 	44.99999
0.0145 	44.999993
0.0155 	44.999996
0.0165 	45
0.0175 	45.000006
0.0185 	45.000013
0.0195 	45.000022
0.0205 	45.000033
0.0215 	45.000048
0.0225 	45.000069
0.0235 	45.000092
0.0245 	45.000125
0.0255 	45.000155
0.0265 	45.000183
0.0275 	45.000228
0.0285 	45.000278
0.0295 	45.000333
0.0305 	45.000398
0.0315 	45.000475
0.0325 	45.000557
0.0335 	45.000647
0.0345 	45.000766
0.0355 	45.000886
0.0365 	45.001007
0.0375 	45.001156
0.0385 	45.001312
0.0395 	45.001477
0.0405 	45.001668
0.0415 	45.001882
0.0425 	45.002105
0.0435 	45.00234
0.0445 	45.002631
0.0455 	45.002929
0.0465 	45.003236
0.0475 	45.003582
0.0485 	45.00394
0.0495 	45.004308
0.0505 	45.004706
0.0515 	45.005133
0.0525 	45.005595
0.0535 	45.006075
0.0545 	45.006605
0.0555 	45.00715
0.0565 	45.007709
0.0575 	45.008331
0.0585 	45.008973
0.0595 	45.009648
0.0605 	45.01036
0.0615 	45.01111
0.0625 	45.011905
0.0635 	45.012721
0.0645 	45.013598
0.0655 	45.014501
0.0665 	45.01543
0.0675 	45.016432
0.0685 	45.017456
0.0695 	45.018519
0.0705 	45.019633
0.0715 	45.020799
0.0725 	45.022011
0.0735 	45.023248
0.0745 	45.024568
0.0755 	45.025917
0.0765 	45.027295
0.0775 	45.028767
0.0785 	45.030267
0.0795 	45.031818
0.0805 	45.033421
0.0815 	45.035076
0.0825 	45.036784
0.0835 	45.038523
0.0845 	45.040363
0.0855 	45.042238
0.0865 	45.044148
0.0875 	45.04616
0.0885 	45.048204
0.0895 	45.050301
0.0905 	45.05246
0.0915 	45.054682
0.0925 	45.056964
0.0935 	45.05928
0.0945 	45.061708
0.0955 	45.064171
0.0965 	45.066668
0.0975 	45.069282
0.0985 	45.071932
0.0995 	45.074643
0.1005 	45.077423
0.1015 	45.080274
0.1025 	45.083191
0.1035 	45.086144
0.1045 	45.089214
0.1055 	45.092318
0.1065 	45.095455
0.1075 	45.098725
0.1085 	45.102034
0.1095 	45.1054
0.1105 	45.108845
0.1115 	45.112367
0.1125 	45.115955
0.1135 	45.119582
0.1145 	45.123337
0.1155 	45.127129
0.1165 	45.130959
0.1175 	45.134925
0.1185 	45.138931
0.1195 	45.142999
0.1205 	45.147147
0.1215 	45.151373
0.1225 	45.155662
0.1235 	45.159992
0.1245 	45.16446
0.1255 	45.168966
0.1265 	45.17351
0.1275 	45.178198
0.1285 	45.182928
0.1295 	45.187717
0.1305 	45.192591
0.1315 	45.197548
0.1325 	45.202568
0.1335 	45.207629
0.1345 	45.212833
0.1355 	45.218075
0.1365 	45.223354
0.1375 	45.228777
0.1385 	45.234242
0.1395 	45.239771
0.1405 	45.245386
0.1415 	45.251086
0.1425 	45.25685
0.1435 	45.262656
0.1445 	45.268605
0.1455 	45.274592
0.1465 	45.280616
0.1475 	45.286786
0.1485 	45.292997
0.1495 	45.29927
0.1505 	45.305631
0.1515 	45.31208
0.1525 	45.318589
0.1535 	45.325139
0.1545 	45.331837
0.1555 	45.338571
0.1565 	45.34534
0.1575 	45.352257
0.1585 	45.359216
0.1595 	45.366231
0.1605 	45.373336
0.1615 	45.380531
0.1625 	45.387782
0.1635 	45.395073
0.1645 	45.402517
0.1655 	45.409992
0.1665 	45.417498
0.1675 	45.425157
0.1685 	45.432857
0.1695 	45.440607
0.1705 	45.448449
0.1715 	45.456384
0.1725 	45.464367
0.1735 	45.472391
0.1745 	45.48057
0.1755 	45.488777
0.1765 	45.49701
0.1775 	45.5054
0.1785 	45.51383
0.1795 	45.522302
0.1805 	45.530869
0.1815 	45.539531
0.1825 	45.548233
0.1835 	45.556974
0.1845 	45.565874
0.1855 	45.574796
0.1865 	45.583741
0.1875 	45.592845
0.1885 	45.601989
0.1895 	45.611167
0.1905 	45.620441
0.1915 	45.629812
0.1925 	45.639214
0.1935 	45.648655
0.1945 	45.658258
0.1955 	45.667878
0.1965 	45.677514
0.1975 	45.687315
0.1985 	45.697153
0.1995 	45.707015
0.2005 	45.716977
0.2015 	45.727038
0.2025 	45.73712
0.2035 	45.747239
0.2045 	45.757525
0.2055 	45.767821
0.2065 	45.778127
0.2075 	45.788601
0.2085 	45.799112
0.2095 	45.809636
0.2105 	45.820261
0.2115 	45.830989
0.2125 	45.841727
0.2135 	45.8525
0.2145 	45.863445
0.2155 	45.874393
0.2165 	45.885345
0.2175 	45.896469
0.2185 	45.907627
0.2195 	45.91879
0.2205 	45.930055
0.2215 	45.941423
0.2225 	45.952792
0.2235 	45.964196
0.2245 	45.975772
0.2255 	45.987347
0.2265 	45.998921
0.2275 	46.010667
0.2285 	46.022447
0.2295 	46.034222
0.2305 	46.046102
0.2315 	46.058084
0.2325 	46.07006
0.2335 	46.082068
0.2345 	46.094251
0.2355 	46.106426
0.2365 	46.118595
0.2375 	46.130939
0.2385 	46.143315
0.2395 	46.155675
0.2405 	46.168142
0.2415 	46.180715
0.2425 	46.193268
0.2435 	46.205853
0.2445 	46.218616
0.2455 	46.231365
0.2465 	46.2441
0.2475 	46.257014
0.2485 	46.269959
0.2495 	46.282877
0.2505 	46.295903
0.2515 	46.309037
0.2525 	46.322142
0.2535 	46.335276
0.2545 	46.348592
0.2555 	46.361887
0.2565 	46.375163
0.2575 	46.388621
0.2585 	46.402107
0.2595 	46.415557
0.2605 	46.429116
0.2615 	46.442785
0.2625 	46.456412
0.2635 	46.470069
0.2645 	46.48391
0.2655 	46.497724
0.2665 	46.511511
0.2675 	46.525485
0.2685 	46.539486
0.2695 	46.553436
0.2705 	46.5675
0.2715 	46.581678
0.2725 	46.595801
0.2735 	46.60995
0.2745 	46.624291
0.2755 	46.638597
0.2765 	46.652867
0.2775 	46.667329
0.2785 	46.681817
0.2795 	46.696244
0.2805 	46.710786
0.2815 	46.725443
0.2825 	46.740037
0.2835 	46.754656
0.2845 	46.769467
0.2855 	46.784236
0.2865 	46.798962
0.2875 	46.813898
0.2885 	46.828855
0.2895 	46.843709
0.2905 	46.858701
0.2915 	46.873831
0.2925 	46.888891
0.2935 	46.903965
0.2945 	46.919179
0.2955 	46.934315
0.2965 	46.949373
0.2975 	46.965654
0.2985 	46.981981
0.2995 	46.997306
