0 	76.926328
5.0251256e-05 	76.208867
0.00010050251 	75.491407
0.00015075377 	74.773946
0.00020100503 	74.062634
0.00025125628 	73.383383
0.00030150754 	72.704133
0.00035175879 	72.024882
0.00040201005 	71.345631
0.00045226131 	70.673647
0.00050251256 	70.014687
0.00055276382 	69.355728
0.00060301508 	68.696768
0.00065326633 	68.037809
0.00070351759 	67.378849
0.00075376884 	66.735683
0.0008040201 	66.121898
0.00085427136 	65.508113
0.00090452261 	64.894328
0.00095477387 	64.280543
0.0010050251 	63.666759
0.0010552764 	63.052974
0.0011055276 	62.439189
0.0011557789 	61.892417
0.0012060302 	61.3591
0.0012562814 	60.825783
0.0013065327 	60.292466
0.0013567839 	59.759149
0.0014070352 	59.225831
0.0014572864 	58.692514
0.0015075377 	58.159197
0.0015577889 	57.62588
0.0016080402 	57.144637
0.0016582915 	56.732699
0.0017085427 	56.320761
0.001758794 	55.908824
0.0018090452 	55.496886
0.0018592965 	55.084949
0.0019095477 	54.673011
0.001959799 	54.261074
0.0020100503 	53.849136
0.0020603015 	53.437199
0.0021105528 	53.025261
0.002160804 	52.613324
0.0022110553 	52.300525
0.0022613065 	52.037765
0.0023115578 	51.775005
0.002361809 	51.512246
0.0024120603 	51.249486
0.0024623116 	50.986727
0.0025125628 	50.723967
0.0025628141 	50.461208
0.0026130653 	50.198448
0.0026633166 	49.935688
0.0027135678 	49.672929
0.0027638191 	49.410169
0.0028140704 	49.14741
0.0028643216 	48.88465
0.0029145729 	48.62189
0.0029648241 	48.487914
0.0030150754 	48.361168
0.0030653266 	48.234422
0.0031155779 	48.107676
0.0031658291 	47.980931
0.0032160804 	47.854185
0.0032663317 	47.727439
0.0033165829 	47.600693
0.0033668342 	47.473947
0.0034170854 	47.347201
0.0034673367 	47.220455
0.0035175879 	47.093709
0.0035678392 	46.966963
0.0036180905 	46.840217
0.0036683417 	46.713471
0.003718593 	46.586725
0.0037688442 	46.459979
0.0038190955 	46.333233
0.0038693467 	46.251681
0.003919598 	46.209491
0.0039698492 	46.167301
0.0040201005 	46.125111
0.0040703518 	46.082921
0.004120603 	46.040731
0.0041708543 	45.998541
0.0042211055 	45.956351
0.0042713568 	45.914161
0.004321608 	45.871971
0.0043718593 	45.829781
0.0044221106 	45.787591
0.0044723618 	45.745401
0.0045226131 	45.703211
0.0045728643 	45.661021
0.0046231156 	45.618831
0.0046733668 	45.576641
0.0047236181 	45.534451
0.0047738693 	45.492261
0.0048241206 	45.450072
0.0048743719 	45.407882
0.0049246231 	45.365692
0.0049748744 	45.323502
0.0050251256 	45.297058
0.0050753769 	45.28636
0.0051256281 	45.275662
0.0051758794 	45.264964
0.0052261307 	45.254267
0.0052763819 	45.243569
0.0053266332 	45.232871
0.0053768844 	45.222173
0.0054271357 	45.211476
0.0054773869 	45.200778
0.0055276382 	45.19008
0.0055778894 	45.179382
0.0056281407 	45.168685
0.005678392 	45.157987
0.0057286432 	45.147289
0.0057788945 	45.136591
0.0058291457 	45.125894
0.005879397 	45.115196
0.0059296482 	45.104498
0.0059798995 	45.0938
0.0060301508 	45.083103
0.006080402 	45.072405
0.0061306533 	45.061707
0.0061809045 	45.054857
0.0062311558 	45.052424
0.006281407 	45.049991
0.0063316583 	45.047558
0.0063819095 	45.045124
0.0064321608 	45.042691
0.0064824121 	45.040258
0.0065326633 	45.037825
0.0065829146 	45.035392
0.0066331658 	45.032959
0.0066834171 	45.030526
0.0067336683 	45.028093
0.0067839196 	45.02566
0.0068341709 	45.023226
0.0068844221 	45.020793
0.0069346734 	45.01836
0.0069849246 	45.015927
0.0070351759 	45.013494
0.0070854271 	45.01116
0.0071356784 	45.01059
0.0071859296 	45.01002
0.0072361809 	45.00945
0.0072864322 	45.008881
0.0073366834 	45.008311
0.0073869347 	45.007741
0.0074371859 	45.007171
0.0074874372 	45.006601
0.0075376884 	45.006032
0.0075879397 	45.005462
0.007638191 	45.004892
0.0076884422 	45.004322
0.0077386935 	45.003752
0.0077889447 	45.003182
0.007839196 	45.002751
0.0078894472 	45.002596
0.0079396985 	45.00244
0.0079899497 	45.002284
0.008040201 	45.002128
0.0080904523 	45.001972
0.0081407035 	45.001816
0.0081909548 	45.00166
0.008241206 	45.001504
0.0082914573 	45.001348
0.0083417085 	45.001192
0.0083919598 	45.001036
0.0084422111 	45.000942
0.0084924623 	45.000893
0.0085427136 	45.000844
0.0085929648 	45.000796
0.0086432161 	45.000747
0.0086934673 	45.000699
0.0087437186 	45.00065
0.0087939698 	45.000602
0.0088442211 	45.000553
0.0088944724 	45.00051
0.0089447236 	45.000497
0.0089949749 	45.000483
0.0090452261 	45.00047
0.0090954774 	45.000456
0.0091457286 	45.000443
0.0091959799 	45.000429
0.0092462312 	45.000416
0.0092964824 	45.000411
0.0093467337 	45.000411
0.0093969849 	45.000411
0.0094472362 	45.000411
0.0094974874 	45.00041
0.0095477387 	45.00041
0.0095979899 	45.000413
0.0096482412 	45.000417
0.0096984925 	45.000421
0.0097487437 	45.000424
0.009798995 	45.000428
0.0098492462 	45.000431
0.0098994975 	45.000433
0.0099497487 	45.000435
0.01 	45.000437
