0.0005 	45.097719
0.0015 	45.331531
0.0025 	45.798299
0.0035 	46.329234
0.0045 	46.798764
0.0055 	47.321565
0.0065 	47.778953
0.0075 	48.227814
0.0085 	48.664342
0.0095 	49.053628
0.0105 	49.445643
0.0115 	49.812679
0.0125 	50.166108
0.0135 	50.513254
0.0145 	50.836216
0.0155 	51.157402
0.0165 	51.46536
0.0175 	51.762942
0.0185 	52.056609
0.0195 	52.335416
0.0205 	52.61171
0.0215 	52.878998
0.0225 	53.139486
0.0235 	53.397311
0.0245 	53.644535
0.0255 	53.890066
0.0265 	54.129645
0.0275 	54.363791
0.0285 	54.595949
0.0295 	54.820442
0.0305 	55.043553
0.0315 	55.262228
0.0325 	55.476774
0.0335 	55.689809
0.0345 	55.89691
0.0355 	56.102911
0.0365 	56.305471
0.0375 	56.504686
0.0385 	56.702701
0.0395 	56.895993
0.0405 	57.088363
0.0415 	57.277937
0.0425 	57.464799
0.0435 	57.650687
0.0445 	57.832689
0.0455 	58.013925
0.0465 	58.192852
0.0475 	58.369504
0.0485 	58.54534
0.0495 	58.717904
0.0505 	58.889815
0.0515 	59.059775
0.0525 	59.227803
0.0535 	59.395139
0.0545 	59.559678
0.0555 	59.723652
0.0565 	59.885951
0.0575 	60.046575
0.0585 	60.206597
0.0595 	60.364186
0.0605 	60.521277
0.0615 	60.676907
0.0625 	60.83106
0.0635 	60.984684
0.0645 	61.13617
0.0655 	61.287206
0.0665 	61.436951
0.0675 	61.585381
0.0685 	61.733339
0.0695 	61.879388
0.0705 	62.02503
0.0715 	62.16952
0.0725 	62.312819
0.0735 	62.455691
0.0745 	62.596851
0.0755 	62.737631
0.0765 	62.877369
0.0775 	63.016029
0.0785 	63.154298
0.0795 	63.29101
0.0805 	63.427369
0.0815 	63.562787
0.0825 	63.697205
0.0835 	63.831263
0.0845 	63.963906
0.0855 	64.096212
0.0865 	64.227651
0.0875 	64.358174
0.0885 	64.488363
0.0895 	64.617243
0.0905 	64.745809
0.0915 	64.873585
0.0925 	65.000497
0.0935 	65.127097
0.0945 	65.2525
0.0955 	65.377596
0.0965 	65.501955
0.0975 	65.62552
0.0985 	65.748792
0.0995 	65.87094
0.1005 	65.992803
0.1015 	66.113992
0.1025 	66.234418
0.1035 	66.354569
0.1045 	66.473692
0.1055 	66.592529
0.1065 	66.710728
0.1075 	66.828227
0.1085 	66.945465
0.1095 	67.061722
0.1105 	67.177716
0.1115 	67.293125
0.1125 	67.407853
0.1135 	67.522333
0.1145 	67.63591
0.1155 	67.749224
0.1165 	67.861984
0.1175 	67.974103
0.1185 	68.085987
0.1195 	68.197025
0.1205 	68.307801
0.1215 	68.418045
0.1225 	68.527711
0.1235 	68.63715
0.1245 	68.745748
0.1255 	68.854116
0.1265 	68.962005
0.1275 	69.069304
0.1285 	69.176385
0.1295 	69.282703
0.1305 	69.388787
0.1315 	69.494409
0.1325 	69.599468
0.1335 	69.704321
0.1345 	69.808465
0.1355 	69.912368
0.1365 	70.015823
0.1375 	70.118761
0.1385 	70.221502
0.1395 	70.32355
0.1405 	70.425379
0.1415 	70.526794
0.1425 	70.627693
0.1435 	70.728401
0.1445 	70.828466
0.1455 	70.928307
0.1465 	71.027746
0.1475 	71.126706
0.1485 	71.225484
0.1495 	71.323629
0.1505 	71.42157
0.1515 	71.51914
0.1525 	71.616228
0.1535 	71.71314
0.1545 	71.809473
0.1555 	71.905593
0.1565 	72.001345
0.1575 	72.096655
0.1585 	72.191795
0.1595 	72.286368
0.1605 	72.380745
0.1615 	72.474781
0.1625 	72.568372
0.1635 	72.661799
0.1645 	72.75469
0.1655 	72.847377
0.1665 	72.939729
0.1675 	73.031685
0.1685 	73.123482
0.1695 	73.214738
0.1705 	73.305822
0.1715 	73.396611
0.1725 	73.486958
0.1735 	73.577154
0.1745 	73.666899
0.1755 	73.756433
0.1765 	73.84564
0.1775 	73.934496
0.1785 	74.023205
0.1795 	74.111404
0.1805 	74.19944
0.1815 	74.287203
0.1825 	74.37456
0.1835 	74.461774
0.1845 	74.548561
0.1855 	74.635153
0.1865 	74.721451
0.1875 	74.807416
0.1885 	74.89324
0.1895 	74.978592
0.1905 	75.063795
0.1915 	75.148754
0.1925 	75.233317
0.1935 	75.317747
0.1945 	75.401795
0.1955 	75.485648
0.1965 	75.56922
0.1975 	75.652496
0.1985 	75.735641
0.1995 	75.818333
0.2005 	75.900891
0.2015 	75.983232
0.2025 	76.065188
0.2035 	76.14702
0.2045 	76.228518
0.2055 	76.309818
0.2065 	76.390845
0.2075 	76.471614
0.2085 	76.552258
0.2095 	76.632457
0.2105 	76.712542
0.2115 	76.792439
0.2125 	76.871951
0.2135 	76.951347
0.2145 	77.030453
0.2155 	77.109358
0.2165 	77.187995
0.2175 	77.266414
0.2185 	77.344714
0.2195 	77.422576
0.2205 	77.500344
0.2215 	77.577952
0.2225 	77.655172
0.2235 	77.732281
0.2245 	77.809149
0.2255 	77.885806
0.2265 	77.962195
0.2275 	78.038412
0.2285 	78.114516
0.2295 	78.190172
0.2305 	78.265762
0.2315 	78.341228
0.2325 	78.416281
0.2335 	78.491232
0.2345 	78.566006
0.2355 	78.640547
0.2365 	78.714805
0.2375 	78.788958
0.2385 	78.863003
0.2395 	78.936564
0.2405 	79.010104
0.2415 	79.083566
0.2425 	79.156566
0.2435 	79.229473
0.2445 	79.302288
0.2455 	79.374834
0.2465 	79.447067
0.2475 	79.519286
0.2485 	79.591398
0.2495 	79.66297
0.2505 	79.734577
0.2515 	79.806167
0.2525 	79.877219
0.2535 	79.948186
0.2545 	80.019176
0.2555 	80.089837
0.2565 	80.160134
0.2575 	80.230547
0.2585 	80.300853
0.2595 	80.37051
0.2605 	80.440292
0.2615 	80.510149
0.2625 	80.579328
0.2635 	80.648432
0.2645 	80.717738
0.2655 	80.786609
0.2665 	80.855022
0.2675 	80.92376
0.2685 	80.992389
0.2695 	81.060167
0.2705 	81.128225
0.2715 	81.196508
0.2725 	81.263856
0.2735 	81.331142
0.2745 	81.398947
0.2755 	81.466116
0.2765 	81.532635
0.2775 	81.599877
0.2785 	81.666998
0.2795 	81.732849
0.2805 	81.799289
0.2815 	81.86626
0.2825 	81.931724
0.2835 	81.997159
0.2845 	82.063792
0.2855 	82.129319
0.2865 	82.193744
0.2875 	82.25982
0.2885 	82.325735
0.2895 	82.389322
0.2905 	82.454283
0.2915 	82.520551
0.2925 	82.583743
0.2935 	82.646999
0.2945 	82.713455
0.2955 	82.777221
0.2965 	82.8383
0.2975 	82.904611
0.2985 	82.971278
0.2995 	83.034438
