# Region type : patch shield
# Faces       : 3456
# Area        : 5.674152e-01
# Scale factor: 1.000000e+00
# Time        	areaIntegrate(wallHeatFlux)
50            	-4.683262e-01
100           	-4.682842e-01
150           	-4.682698e-01
200           	-4.682634e-01
250           	-4.682602e-01
300           	-4.682584e-01
350           	-4.682573e-01
400           	-4.682567e-01
450           	-4.682562e-01
500           	-4.682559e-01
550           	-4.682557e-01
600           	-4.682556e-01
650           	-4.682554e-01
700           	-4.682554e-01
750           	-4.682553e-01
800           	-4.682552e-01
850           	-4.682552e-01
900           	-4.682552e-01
950           	-4.682551e-01
1000          	-4.682551e-01
1050          	-4.682551e-01
1100          	-4.682551e-01
1150          	-4.682551e-01
1200          	-4.682551e-01
1250          	-4.682551e-01
1300          	-4.682551e-01
1350          	-4.682551e-01
1400          	-4.682551e-01
1450          	-4.682551e-01
1500          	-4.682551e-01
1550          	-4.682550e-01
1600          	-4.682550e-01
1650          	-4.682550e-01
1700          	-4.682550e-01
1750          	-4.682550e-01
1800          	-4.682550e-01
1850          	-4.682550e-01
1900          	-4.682550e-01
1950          	-4.682550e-01
2000          	-4.682550e-01
2050          	-4.682550e-01
2100          	-4.682550e-01
2150          	-4.682550e-01
2200          	-4.682550e-01
2250          	-4.682550e-01
2300          	-4.682550e-01
2350          	-4.682550e-01
2400          	-4.682550e-01
2450          	-4.682550e-01
2500          	-4.682550e-01
2550          	-4.682550e-01
2600          	-4.682550e-01
2650          	-4.682550e-01
2700          	-4.682550e-01
2750          	-4.682550e-01
2800          	-4.682550e-01
2850          	-4.682550e-01
2900          	-4.682550e-01
