0.0005 	77.037648
0.0015 	77.121506
0.0025 	77.200405
0.0035 	77.274573
0.0045 	77.307761
0.0055 	77.340812
0.0065 	77.350628
0.0075 	77.35237
0.0085 	77.350001
0.0095 	77.345952
0.0105 	77.341524
0.0115 	77.337808
0.0125 	77.334953
0.0135 	77.33266
0.0145 	77.331338
0.0155 	77.330683
0.0165 	77.330466
0.0175 	77.331093
0.0185 	77.332106
0.0195 	77.333524
0.0205 	77.335569
0.0215 	77.337773
0.0225 	77.340613
0.0235 	77.343716
0.0245 	77.346988
0.0255 	77.350692
0.0265 	77.354399
0.0275 	77.358441
0.0285 	77.362592
0.0295 	77.366766
0.0305 	77.371103
0.0315 	77.375367
0.0325 	77.379606
0.0335 	77.383803
0.0345 	77.387895
0.0355 	77.391967
0.0365 	77.396026
0.0375 	77.400038
0.0385 	77.404036
0.0395 	77.408061
0.0405 	77.41208
0.0415 	77.416142
0.0425 	77.420251
0.0435 	77.42435
0.0445 	77.428557
0.0455 	77.432688
0.0465 	77.436878
0.0475 	77.441013
0.0485 	77.445097
0.0495 	77.449268
0.0505 	77.453304
0.0515 	77.457409
0.0525 	77.461445
0.0535 	77.465439
0.0545 	77.469548
0.0555 	77.473533
0.0565 	77.477606
0.0575 	77.481635
0.0585 	77.485633
0.0595 	77.489765
0.0605 	77.493782
0.0615 	77.497893
0.0625 	77.501969
0.0635 	77.506015
0.0645 	77.510203
0.0655 	77.514281
0.0665 	77.518459
0.0675 	77.522615
0.0685 	77.526744
0.0695 	77.531033
0.0705 	77.535214
0.0715 	77.539507
0.0725 	77.543781
0.0735 	77.548029
0.0745 	77.552441
0.0755 	77.556734
0.0765 	77.561137
0.0775 	77.565502
0.0785 	77.569834
0.0795 	77.574315
0.0805 	77.578663
0.0815 	77.583115
0.0825 	77.587516
0.0835 	77.591878
0.0845 	77.596387
0.0855 	77.600757
0.0865 	77.605229
0.0875 	77.609659
0.0885 	77.614046
0.0895 	77.61861
0.0905 	77.623022
0.0915 	77.627559
0.0925 	77.632036
0.0935 	77.636467
0.0945 	77.641072
0.0955 	77.645513
0.0965 	77.650076
0.0975 	77.654564
0.0985 	77.658997
0.0995 	77.663594
0.1005 	77.668016
0.1015 	77.672565
0.1025 	77.677046
0.1035 	77.681473
0.1045 	77.686087
0.1055 	77.690516
0.1065 	77.695073
0.1075 	77.699552
0.1085 	77.703976
0.1095 	77.708577
0.1105 	77.71299
0.1115 	77.717526
0.1125 	77.721972
0.1135 	77.726363
0.1145 	77.730909
0.1155 	77.735273
0.1165 	77.739746
0.1175 	77.744133
0.1185 	77.748469
0.1195 	77.752953
0.1205 	77.757273
0.1215 	77.761702
0.1225 	77.766062
0.1235 	77.770376
0.1245 	77.774845
0.1255 	77.779153
0.1265 	77.783566
0.1275 	77.787905
0.1285 	77.792196
0.1295 	77.796625
0.1305 	77.800898
0.1315 	77.805268
0.1325 	77.809569
0.1335 	77.813824
0.1345 	77.818219
0.1355 	77.822469
0.1365 	77.826821
0.1375 	77.831116
0.1385 	77.83537
0.1395 	77.839765
0.1405 	77.844015
0.1415 	77.84836
0.1425 	77.85264
0.1435 	77.856876
0.1445 	77.861241
0.1455 	77.865465
0.1465 	77.869781
0.1475 	77.874035
0.1485 	77.878248
0.1495 	77.882591
0.1505 	77.886802
0.1515 	77.891105
0.1525 	77.895353
0.1535 	77.89956
0.1545 	77.903889
0.1555 	77.908083
0.1565 	77.912362
0.1575 	77.91658
0.1585 	77.920759
0.1595 	77.925055
0.1605 	77.929222
0.1615 	77.933472
0.1625 	77.937664
0.1635 	77.94182
0.1645 	77.946092
0.1655 	77.950242
0.1665 	77.954473
0.1675 	77.958646
0.1685 	77.962781
0.1695 	77.967019
0.1705 	77.971135
0.1715 	77.975327
0.1725 	77.979465
0.1735 	77.983568
0.1745 	77.987776
0.1755 	77.991867
0.1765 	77.996032
0.1775 	78.000147
0.1785 	78.004229
0.1795 	78.008412
0.1805 	78.012482
0.1815 	78.01662
0.1825 	78.0207
0.1835 	78.024744
0.1845 	78.02888
0.1855 	78.032908
0.1865 	78.037003
0.1875 	78.04105
0.1885 	78.045064
0.1895 	78.049171
0.1905 	78.053174
0.1915 	78.057243
0.1925 	78.061264
0.1935 	78.065253
0.1945 	78.069327
0.1955 	78.073294
0.1965 	78.077318
0.1975 	78.081288
0.1985 	78.085226
0.1995 	78.089245
0.2005 	78.09317
0.2015 	78.097153
0.2025 	78.10109
0.2035 	78.104998
0.2045 	78.108984
0.2055 	78.112879
0.2065 	78.116829
0.2075 	78.12073
0.2085 	78.124601
0.2095 	78.128534
0.2105 	78.132374
0.2115 	78.13626
0.2125 	78.140101
0.2135 	78.143913
0.2145 	78.147793
0.2155 	78.151587
0.2165 	78.155429
0.2175 	78.159228
0.2185 	78.162999
0.2195 	78.166835
0.2205 	78.170587
0.2215 	78.174382
0.2225 	78.178125
0.2235 	78.181839
0.2245 	78.185602
0.2255 	78.189283
0.2265 	78.193003
0.2275 	78.196681
0.2285 	78.200334
0.2295 	78.204038
0.2305 	78.207666
0.2315 	78.21133
0.2325 	78.214954
0.2335 	78.218554
0.2345 	78.222199
0.2355 	78.225766
0.2365 	78.229363
0.2375 	78.232905
0.2385 	78.236421
0.2395 	78.239973
0.2405 	78.243455
0.2415 	78.246966
0.2425 	78.250433
0.2435 	78.253876
0.2445 	78.257352
0.2455 	78.260762
0.2465 	78.264199
0.2475 	78.267592
0.2485 	78.270959
0.2495 	78.274346
0.2505 	78.277663
0.2515 	78.280993
0.2525 	78.284273
0.2535 	78.287527
0.2545 	78.290798
0.2555 	78.294008
0.2565 	78.297232
0.2575 	78.300409
0.2585 	78.303564
0.2595 	78.306733
0.2605 	78.309846
0.2615 	78.312971
0.2625 	78.316048
0.2635 	78.319102
0.2645 	78.322157
0.2655 	78.325161
0.2665 	78.32817
0.2675 	78.331147
0.2685 	78.33411
0.2695 	78.337087
0.2705 	78.340038
0.2715 	78.343006
0.2725 	78.345978
0.2735 	78.348956
0.2745 	78.351986
0.2755 	78.355031
0.2765 	78.358121
0.2775 	78.361293
0.2785 	78.364511
0.2795 	78.367885
0.2805 	78.371384
0.2815 	78.375022
0.2825 	78.378986
0.2835 	78.383111
0.2845 	78.387708
0.2855 	78.392721
0.2865 	78.398156
0.2875 	78.404523
0.2885 	78.411365
0.2895 	78.419671
0.2905 	78.429029
0.2915 	78.439447
0.2925 	78.453114
0.2935 	78.468202
0.2945 	78.48656
0.2955 	78.508142
0.2965 	78.532854
0.2975 	78.557781
0.2985 	78.575328
0.2995 	78.585311
