# Region type : patch shield_slave
# Faces       : 3696
# Area        : 3.132500e-01
# Scale factor: 1.000000e+00
# Time        	areaIntegrate(wallHeatFlux)
50            	-4.275213e-03
100           	-4.303942e-03
150           	-4.311981e-03
200           	-4.315720e-03
250           	-4.318978e-03
300           	-4.319951e-03
350           	-4.320508e-03
400           	-4.321608e-03
450           	-4.322655e-03
500           	-4.324411e-03
550           	-4.324546e-03
600           	-4.326002e-03
650           	-4.325103e-03
700           	-4.324126e-03
750           	-4.326063e-03
800           	-4.326538e-03
850           	-4.324900e-03
900           	-4.324964e-03
950           	-4.325137e-03
1000          	-4.324900e-03
1050          	-4.324615e-03
1100          	-4.324447e-03
1150          	-4.324438e-03
1200          	-4.324467e-03
1250          	-4.324296e-03
1300          	-4.324200e-03
1350          	-4.324248e-03
1400          	-4.324385e-03
1450          	-4.324146e-03
1500          	-4.324334e-03
1550          	-4.324536e-03
1600          	-4.324271e-03
1650          	-4.324616e-03
1700          	-4.324480e-03
1750          	-4.324697e-03
1800          	-4.324411e-03
1850          	-4.324695e-03
1900          	-4.324777e-03
1950          	-4.324598e-03
2000          	-4.324743e-03
2050          	-4.324609e-03
2100          	-4.324872e-03
2150          	-4.325136e-03
2200          	-4.324912e-03
2250          	-4.324888e-03
2300          	-4.325636e-03
2350          	-4.325765e-03
2400          	-4.325863e-03
2450          	-4.325395e-03
2500          	-4.325714e-03
2550          	-4.325773e-03
2600          	-4.326411e-03
2650          	-4.326270e-03
2700          	-4.324316e-03
2750          	-4.325609e-03
2800          	-4.324482e-03
2850          	-4.325483e-03
2900          	-4.324809e-03
2950          	-4.325540e-03
3000          	-4.325638e-03
3050          	-4.325149e-03
3100          	-4.325499e-03
3150          	-4.323517e-03
3200          	-4.323736e-03
3250          	-4.324776e-03
