# Region type : patch shield_slave
# Faces       : 3696
# Area        : 3.132500e-01
# Scale factor: 1.000000e+00
# Time        	areaIntegrate(wallHeatFlux)
50            	-3.999081e-03
100           	-3.999081e-03
150           	-3.999081e-03
200           	-3.999081e-03
250           	-3.999081e-03
300           	-3.999081e-03
350           	-3.999081e-03
400           	-3.999081e-03
450           	-3.999081e-03
500           	-3.999081e-03
550           	-3.999081e-03
600           	-3.999081e-03
650           	-3.999081e-03
700           	-3.999081e-03
750           	-3.999081e-03
800           	-3.999081e-03
850           	-3.999081e-03
900           	-3.999081e-03
950           	-3.999081e-03
1000          	-3.999081e-03
1050          	-3.999081e-03
1100          	-3.999081e-03
1150          	-3.999081e-03
1200          	-3.999081e-03
1250          	-3.999081e-03
1300          	-3.999081e-03
1350          	-3.999081e-03
1400          	-3.999081e-03
1450          	-3.999081e-03
1500          	-3.999081e-03
1550          	-3.999081e-03
1600          	-3.999081e-03
1650          	-3.999081e-03
1700          	-3.999081e-03
1750          	-3.999081e-03
1800          	-3.999081e-03
1850          	-3.999081e-03
1900          	-3.999081e-03
1950          	-3.999081e-03
2000          	-3.999081e-03
2050          	-3.999081e-03
2100          	-3.999081e-03
2150          	-3.999081e-03
2200          	-3.999081e-03
2250          	-3.999081e-03
2300          	-3.999081e-03
2350          	-3.999081e-03
2400          	-3.999081e-03
2450          	-3.999081e-03
2500          	-3.999081e-03
2550          	-3.999081e-03
2600          	-3.999081e-03
2650          	-3.999081e-03
2700          	-3.999081e-03
2750          	-3.999081e-03
2800          	-3.999081e-03
2850          	-3.999081e-03
2900          	-3.999081e-03
2950          	-3.999081e-03
3000          	-3.999081e-03
3050          	-3.999081e-03
3100          	-3.999081e-03
3150          	-3.999081e-03
3200          	-3.999081e-03
3250          	-3.999081e-03
3300          	-3.999081e-03
3350          	-3.999081e-03
3400          	-3.999081e-03
3450          	-3.999081e-03
3500          	-3.999081e-03
3550          	-3.999081e-03
3600          	-3.999081e-03
3650          	-3.999081e-03
3700          	-3.999081e-03
3750          	-3.999081e-03
3800          	-3.999081e-03
