# Region type : patch heatedWall
# Faces         : 16200
# Area          : 1.50000000e-02
# Scale factor  : 1.00000000e+00
# Time          	areaAverage(T)
100             	6.47822981e+01
200             	6.59706433e+01
300             	6.63937614e+01
400             	6.66925036e+01
500             	6.69087200e+01
600             	6.70215112e+01
700             	6.70556153e+01
800             	6.70539599e+01
900             	6.70543629e+01
1000            	6.70515685e+01
1100            	6.70513210e+01
1200            	6.70510900e+01
1300            	6.70510472e+01
1400            	6.70511574e+01
1500            	6.70512576e+01
1600            	6.70513049e+01
1700            	6.70513590e+01
1800            	6.70513165e+01
1900            	6.70513182e+01
2000            	6.70513227e+01
2100            	6.70513720e+01
2200            	6.70514101e+01
2300            	6.70513193e+01
2400            	6.70512597e+01
2500            	6.70513534e+01
2600            	6.70512876e+01
2700            	6.70513349e+01
2800            	6.70512454e+01
2900            	6.70512964e+01
3000            	6.70512872e+01
3100            	6.70512428e+01
3200            	6.70511643e+01
3300            	6.70512901e+01
3400            	6.70512449e+01
3500            	6.70512228e+01
3600            	6.70511910e+01
3700            	6.70512508e+01
3800            	6.70511742e+01
3900            	6.70511942e+01
4000            	6.70511444e+01
4100            	6.70512592e+01
4200            	6.70512975e+01
4300            	6.70511719e+01
4400            	6.70511599e+01
4500            	6.70512242e+01
4600            	6.70511646e+01
4700            	6.70512373e+01
4800            	6.70512023e+01
4900            	6.70511917e+01
5000            	6.70511354e+01
5100            	6.70511465e+01
5200            	6.70511548e+01
5300            	6.70511830e+01
5400            	6.70511618e+01
5500            	6.70511455e+01
5600            	6.70511608e+01
5700            	6.70511390e+01
5800            	6.70511850e+01
5900            	6.70511962e+01
6000            	6.70511548e+01
