# Region type : patch outlet
# Faces         : 1620
# Area          : 5.00000000e-04
# Scale factor  : 1.00000000e+00
# Time          	areaAverage(T)
100             	5.22591920e+01
200             	5.29689723e+01
300             	4.95677535e+01
400             	4.94744630e+01
500             	4.96007812e+01
600             	4.97300106e+01
700             	4.98280505e+01
800             	4.98755810e+01
900             	4.99020429e+01
1000            	4.98510652e+01
1100            	4.98517118e+01
1200            	4.98496508e+01
1300            	4.98499803e+01
1400            	4.98492490e+01
1500            	4.98488461e+01
1600            	4.98496697e+01
1700            	4.98492249e+01
1800            	4.98492253e+01
1900            	4.98501808e+01
2000            	4.98507297e+01
2100            	4.98492613e+01
2200            	4.98505531e+01
2300            	4.98486257e+01
2400            	4.98495699e+01
2500            	4.98518940e+01
2600            	4.98481242e+01
2700            	4.98502219e+01
2800            	4.98508068e+01
2900            	4.98493194e+01
3000            	4.98507573e+01
3100            	4.98497393e+01
3200            	4.98504908e+01
3300            	4.98486968e+01
3400            	4.98484359e+01
3500            	4.98502736e+01
3600            	4.98509915e+01
3700            	4.98505616e+01
3800            	4.98493934e+01
3900            	4.98487616e+01
4000            	4.98473246e+01
4100            	4.98513530e+01
4200            	4.98492824e+01
4300            	4.98498530e+01
4400            	4.98499593e+01
4500            	4.98488349e+01
4600            	4.98502153e+01
4700            	4.98507646e+01
4800            	4.98493224e+01
4900            	4.98498872e+01
5000            	4.98488000e+01
5100            	4.98489748e+01
5200            	4.98502574e+01
5300            	4.98487160e+01
5400            	4.98496547e+01
5500            	4.98505937e+01
5600            	4.98490383e+01
5700            	4.98485724e+01
5800            	4.98498183e+01
5900            	4.98495798e+01
6000            	4.98483151e+01
