/*--------------------------------*- C++ -*----------------------------------*\
| =========                 |                                                 |
| \\      /  F ield         | OpenFOAM: The Open Source CFD Toolbox           |
|  \\    /   O peration     | Version:  2412                                  |
|   \\  /    A nd           | Website:  www.openfoam.com                      |
|    \\/     M anipulation  |                                                 |
\*---------------------------------------------------------------------------*/
FoamFile
{
    version     2.0;
    format      ascii;
    arch        "LSB;label=32;scalar=64";
    class       labelListList;
    location    "constant/domain0";
    object      finalAgglom;
}
// * * * * * * * * * * * * * * * * * * * * * * * * * * * * * * * * * * * * * //


3
(

644
(
0
0
1
1
2
3
3
3
0
0
1
1
4
4
5
5
2
2
6
7
3
8
8
9
10
4
11
12
5
5
13
14
2
15
16
16
17
18
19
20
20
21
22
23
24
24
25
25
13
13
14
26
27
28
29
30
31
25
25
32
13
33
34
26
35
36
36
36
32
32
37
38
34
39
40
41
41
32
42
43
43
44
45
41
46
46
42
47
45
48
49
50
46
51
47
52
48
49
49
50
53
54
55
56
57
49
50
58
54
59
60
61
50
58
62
60
61
63
63
64
65
66
61
61
63
63
64
67
68
69
69
70
70
71
72
73
69
69
70
70
74
72
75
76
76
77
74
78
79
76
77
80
81
82
79
76
77
80
83
84
85
76
77
86
87
88
89
90
90
86
86
91
92
93
90
94
95
96
97
97
93
94
94
98
99
100
101
102
93
94
98
103
104
105
106
102
102
98
103
107
107
108
109
105
110
102
103
111
111
108
112
113
114
115
116
116
110
110
117
117
118
119
120
121
122
123
124
125
126
126
127
127
128
128
128
128
129
129
130
130
130
131
131
127
129
129
130
130
18
18
8
19
19
0
9
9
9
20
10
10
28
28
16
28
16
16
17
18
19
20
10
21
22
22
22
23
23
23
26
26
26
27
27
23
30
30
30
30
30
34
26
26
30
35
35
31
38
38
38
35
40
40
39
43
43
43
44
44
44
44
42
47
47
45
52
52
52
55
47
48
52
54
54
55
56
59
59
56
54
54
54
132
132
59
62
132
132
64
65
65
65
66
66
66
66
66
67
67
64
67
68
68
68
69
69
71
71
71
72
73
73
73
133
69
74
78
72
78
75
75
75
133
133
78
82
75
81
88
81
82
82
82
83
88
88
88
134
84
84
84
91
91
134
134
134
91
91
91
91
92
92
92
92
95
96
96
96
97
97
97
97
99
104
99
104
105
100
100
100
104
104
104
107
109
105
105
105
135
135
135
108
108
112
115
115
109
109
109
109
109
112
112
112
113
113
113
120
120
121
121
122
122
123
123
124
124
125
125
114
114
114
114
127
115
136
136
121
136
137
122
137
137
123
137
138
124
6
6
6
7
7
7
17
17
8
21
21
4
11
11
11
12
12
12
14
15
15
15
27
15
29
29
24
29
25
24
34
26
14
35
31
31
33
33
33
39
39
36
37
37
37
40
40
40
42
43
43
45
52
41
46
51
51
48
49
41
51
55
51
48
56
49
53
53
53
57
57
57
58
62
53
60
61
57
58
62
62
60
66
61
74
78
78
79
133
133
80
81
78
79
85
133
80
83
83
85
85
85
87
87
88
89
89
89
86
94
87
93
90
89
95
95
96
97
102
92
98
99
99
101
101
101
103
103
104
106
106
106
103
135
107
109
110
105
111
117
111
117
117
108
127
127
116
127
110
116
118
118
118
119
119
119
119
136
120
138
138
125
138
131
126
131
131
126
)


1968
(
0
1
1
2
2
3
3
4
4
5
5
6
5
7
8
9
8
9
8
9
8
9
10
11
11
10
12
12
13
13
11
0
2
3
3
4
4
4
14
5
5
5
5
7
15
8
9
9
9
10
16
9
10
11
12
12
12
17
13
13
11
18
1
2
2
3
19
20
20
21
21
7
7
7
15
15
22
23
23
24
10
16
16
10
11
25
26
26
17
13
13
11
17
27
18
2
3
19
20
20
14
21
21
7
7
7
15
28
15
23
23
10
16
16
10
11
25
26
26
17
13
13
29
30
31
32
32
33
19
20
20
21
21
34
34
35
15
15
22
23
23
24
24
16
16
24
29
25
26
26
17
36
36
29
17
37
30
32
33
33
19
20
20
38
21
21
34
34
35
39
28
15
23
23
24
40
16
24
29
25
26
26
41
36
36
29
30
31
32
32
33
42
20
20
43
43
34
34
35
39
39
44
39
39
45
45
40
40
45
29
46
47
47
41
36
36
29
41
37
30
32
33
42
42
48
38
43
43
34
34
35
35
49
39
39
39
45
40
40
45
29
46
46
47
41
36
36
50
41
51
52
53
53
54
42
42
48
43
43
55
55
35
35
56
44
56
57
45
58
40
57
58
40
46
46
47
59
59
50
50
51
53
54
54
60
60
48
61
43
43
55
55
35
62
49
56
56
57
58
63
57
58
40
64
64
65
59
59
50
50
51
52
53
53
54
60
60
48
61
61
55
55
62
62
56
66
56
57
67
58
63
57
58
63
64
64
65
59
50
50
50
59
68
51
53
54
60
60
69
61
61
61
55
55
62
62
70
56
56
57
58
63
57
58
63
64
64
65
59
71
71
71
72
72
73
73
73
60
60
60
74
74
74
74
74
62
62
66
62
62
67
67
63
63
67
63
64
64
64
75
71
71
71
75
76
72
73
73
73
60
60
60
74
74
74
74
74
74
62
70
62
62
62
67
63
63
67
63
64
64
64
75
75
71
71
77
77
77
78
79
80
80
81
77
77
77
78
78
82
82
80
80
80
80
83
81
81
84
84
84
82
82
85
86
87
88
88
89
90
90
83
91
91
92
92
93
93
85
85
85
86
94
95
87
96
89
89
90
97
97
97
94
98
95
95
87
96
89
99
94
98
100
101
95
95
102
96
99
98
103
100
101
101
104
102
98
103
100
105
105
106
104
103
107
108
109
105
110
106
111
107
108
112
110
110
106
111
108
113
112
112
114
111
108
113
112
115
114
116
113
117
117
115
115
116
116
118
119
117
115
115
120
121
118
119
119
122
123
121
121
118
119
119
122
123
124
124
124
125
126
127
128
124
125
126
127
129
129
129
125
125
130
131
129
129
130
130
132
131
133
134
132
132
135
131
133
134
136
136
135
135
133
134
136
137
138
139
139
139
140
137
137
141
138
142
143
140
140
144
141
141
145
146
142
142
143
143
144
144
145
145
146
147
148
148
149
149
149
143
147
147
147
147
150
150
151
151
152
153
153
153
153
153
154
154
154
155
155
156
156
157
157
157
5
155
155
155
156
81
91
91
81
91
91
84
92
92
84
92
92
90
90
90
83
83
90
83
91
91
92
92
93
82
93
93
85
93
93
89
89
89
89
89
93
97
97
97
99
97
96
96
96
99
99
99
99
102
102
102
99
94
98
98
102
104
104
98
98
103
103
104
104
106
103
100
100
103
104
106
111
111
106
106
110
111
107
107
111
106
114
114
111
116
116
114
116
116
115
115
115
115
116
120
116
116
120
115
115
115
115
120
120
120
120
120
123
123
122
123
128
128
121
121
121
123
123
122
123
128
128
124
124
128
127
128
128
127
127
126
129
129
131
127
127
130
127
131
129
131
131
136
132
131
131
131
136
136
132
136
135
135
135
135
138
138
136
138
139
135
135
139
138
138
137
138
143
139
140
143
145
145
141
145
142
143
142
142
145
145
145
146
146
146
149
149
149
149
142
142
142
146
146
146
147
147
147
150
150
150
150
151
151
151
151
152
152
153
153
148
148
148
148
148
148
150
150
150
151
151
151
151
152
151
152
152
152
81
81
81
77
81
81
77
81
81
78
84
84
78
78
84
78
78
78
80
80
80
80
80
80
83
83
90
81
83
83
84
82
92
82
82
82
82
85
85
86
85
85
88
88
88
88
88
88
89
89
89
85
85
85
86
86
85
87
87
87
96
96
96
97
99
99
95
95
95
87
87
102
94
94
94
95
104
101
95
102
104
98
98
98
101
101
101
104
104
101
100
100
103
100
100
100
105
105
110
107
107
107
105
105
110
105
105
110
107
107
107
108
113
108
110
110
112
113
113
108
114
114
115
113
116
108
112
112
112
114
114
115
116
116
116
113
113
113
117
117
117
118
118
116
117
117
119
118
118
121
122
122
119
118
124
121
122
122
119
124
124
124
123
126
126
124
124
128
126
126
126
124
129
129
130
130
125
129
129
129
132
132
130
131
131
131
132
134
134
131
133
131
136
136
136
133
133
135
133
133
133
137
137
137
139
139
140
133
140
139
141
141
141
143
143
143
140
140
143
141
144
144
142
142
142
143
143
143
145
145
145
145
146
145
149
148
148
149
149
148
149
149
149
147
154
154
147
150
154
150
150
150
153
152
152
153
157
152
153
157
157
153
153
157
155
155
155
155
155
155
156
156
155
156
156
156
157
157
157
86
86
86
94
94
94
98
98
98
100
100
103
125
125
125
124
124
124
130
130
134
129
133
133
134
134
134
136
137
134
137
141
137
141
144
144
144
145
145
147
154
147
154
154
154
158
159
159
159
160
161
161
158
158
162
162
162
162
160
160
160
68
68
76
76
76
158
158
162
162
162
162
160
37
37
68
68
76
76
76
158
158
27
27
37
37
68
68
76
163
163
163
163
163
14
14
14
14
14
20
20
14
20
20
38
38
38
38
38
164
164
38
164
164
164
164
61
164
164
69
69
61
69
69
165
12
12
47
65
65
65
165
165
165
166
166
166
166
167
167
167
167
75
75
75
17
165
165
166
166
166
166
167
167
167
167
75
75
75
17
17
17
41
41
41
59
75
168
168
168
169
168
168
168
170
170
168
171
170
170
168
170
170
172
171
170
170
172
173
173
172
174
173
173
172
173
173
175
174
173
173
175
176
176
175
177
176
176
175
176
176
178
177
176
176
178
179
179
179
179
179
179
0
0
0
0
0
0
0
109
0
109
180
181
180
182
183
1
1
1
180
180
180
184
184
79
185
184
186
3
2
187
2
3
79
79
79
169
169
169
169
169
4
4
4
4
4
188
188
188
188
163
163
163
5
189
189
6
6
190
8
28
8
191
9
15
9
10
8
192
8
10
193
9
16
9
12
165
12
165
17
13
17
13
109
179
179
158
179
0
0
0
0
109
182
1
1
180
180
1
2
180
184
186
79
79
3
79
79
169
4
188
188
189
6
6
28
8
8
8
10
12
109
179
179
179
27
27
0
18
109
182
182
18
182
1
184
184
186
186
3
194
19
194
194
169
169
20
188
188
189
6
6
28
28
22
25
109
195
195
159
27
27
18
18
109
182
18
1
182
182
1
2
184
184
186
186
3
194
19
194
194
171
20
189
189
189
6
6
28
22
22
24
25
196
195
195
159
159
27
197
18
30
196
198
198
31
199
31
184
200
186
186
33
194
19
201
201
171
171
20
189
189
189
189
202
28
28
22
25
47
196
195
195
159
37
197
197
30
196
198
31
31
198
199
31
32
184
200
200
200
194
19
201
201
171
20
172
172
202
189
202
28
22
22
24
25
196
195
195
159
159
37
197
197
30
196
198
198
31
199
31
199
200
200
200
33
203
42
201
201
171
171
20
172
172
202
202
202
28
28
44
46
47
196
204
204
160
160
205
197
197
30
196
198
31
31
198
199
31
32
199
200
203
203
33
203
42
201
201
174
48
206
206
206
202
202
49
44
44
45
46
47
207
204
204
160
160
205
205
197
208
207
209
209
51
210
52
199
211
203
203
54
203
42
212
212
174
174
48
206
206
206
206
213
49
49
44
46
47
207
204
204
160
160
68
205
205
208
207
209
51
52
209
210
52
53
199
211
211
211
203
60
212
212
174
48
175
175
213
206
213
49
44
44
45
64
65
207
204
204
160
205
205
205
208
207
209
209
51
210
52
210
211
211
211
54
214
60
212
212
174
174
48
175
175
213
213
213
49
49
66
64
207
215
215
161
76
76
208
208
207
209
51
52
209
210
52
53
210
211
214
214
54
214
60
212
212
177
69
178
178
213
213
213
70
66
66
67
64
215
215
215
161
161
76
76
208
208
215
209
209
72
209
72
210
214
214
214
73
214
60
212
212
177
177
69
178
178
213
213
70
70
70
66
64
65
215
161
161
161
76
76
208
208
215
209
72
72
209
209
72
73
210
214
214
214
214
60
177
177
177
69
178
178
213
213
70
70
66
66
67
64
)


3696
(
0
1
2
2
3
3
0
4
5
6
6
7
8
9
10
11
11
12
12
13
13
14
15
16
17
17
18
18
19
20
21
22
20
1
1
2
2
3
3
0
4
5
6
6
7
8
9
23
24
11
12
12
13
13
14
15
16
15
17
18
18
19
20
21
22
25
1
26
26
27
27
28
29
30
31
31
32
7
10
9
23
24
33
33
34
34
35
14
36
37
38
17
39
39
40
41
21
22
25
42
26
26
27
27
43
29
30
31
31
32
7
44
45
23
46
33
33
34
34
35
47
47
37
38
38
39
39
48
41
40
49
49
42
50
50
43
43
43
51
30
52
52
32
53
44
45
54
46
55
55
56
56
56
47
57
37
58
38
59
59
60
39
61
49
41
62
50
50
63
63
64
51
64
52
52
32
53
65
66
54
46
55
55
67
67
56
68
57
69
58
70
59
59
60
59
71
72
72
62
73
73
63
63
74
75
64
76
76
77
53
65
66
78
46
79
79
67
67
80
68
57
69
81
70
82
82
83
84
71
72
72
85
73
73
86
86
74
75
87
76
76
77
53
88
89
78
90
79
79
91
91
80
92
93
94
81
70
82
82
83
82
71
84
84
85
95
95
86
86
74
96
87
97
97
77
98
88
89
99
90
100
100
91
91
101
92
93
94
81
70
102
103
83
103
71
104
104
105
95
106
106
106
106
96
87
97
97
77
98
107
108
99
109
100
100
110
110
101
111
111
94
81
112
102
103
83
103
113
104
104
105
95
95
114
114
114
115
87
116
116
117
98
107
108
118
109
119
119
110
110
120
111
111
94
121
112
102
103
122
123
113
124
124
125
125
125
125
114
114
115
87
116
116
117
98
126
127
118
109
119
119
119
119
120
128
121
129
121
112
102
123
122
123
130
124
124
131
132
132
133
133
114
134
135
136
136
117
137
126
127
138
139
140
140
141
141
120
142
143
129
144
112
123
123
145
146
130
147
147
131
132
132
133
133
114
134
135
136
136
117
137
126
137
148
139
140
140
141
141
120
142
143
129
144
144
123
123
145
146
145
147
147
0
0
0
0
0
0
0
0
1
1
1
2
2
2
2
2
2
3
3
3
3
3
3
4
4
4
5
5
0
0
5
0
4
4
4
4
4
149
5
5
5
6
6
6
150
6
6
6
150
7
7
7
9
7
9
9
9
9
10
10
11
9
9
151
11
11
11
11
11
11
12
12
12
12
12
12
13
13
13
13
13
13
16
16
16
16
16
16
152
153
153
19
19
19
21
154
0
1
1
1
1
1
1
1
1
1
1
2
2
2
2
2
2
3
3
3
3
28
28
4
4
4
5
5
0
0
5
0
4
4
149
4
149
5
5
5
150
6
6
6
150
150
6
6
6
150
7
7
7
8
9
7
9
9
24
9
24
24
24
23
11
24
11
11
11
11
12
12
12
12
12
12
13
13
13
13
35
35
16
16
16
16
16
152
16
152
152
153
153
153
153
19
19
1
1
1
1
1
1
1
1
26
26
26
26
26
26
27
27
27
27
27
27
28
28
28
28
28
28
28
29
29
29
29
29
29
30
30
149
149
31
31
31
149
155
31
31
31
155
155
32
32
32
150
7
7
7
8
8
7
9
7
9
10
24
24
9
24
24
24
23
11
24
11
33
33
33
33
33
33
34
34
34
34
34
34
35
35
35
35
35
37
152
37
152
152
152
156
153
153
48
19
40
1
42
42
42
42
26
42
26
26
26
26
26
26
26
27
27
27
27
27
27
43
43
43
28
28
30
29
29
29
29
29
29
29
149
30
30
157
31
31
31
149
157
155
31
31
31
32
32
32
7
7
7
44
44
45
7
45
24
45
45
23
46
45
46
33
46
33
33
33
33
33
33
33
34
34
34
34
34
34
35
35
35
35
35
37
37
156
152
156
153
60
40
42
42
42
42
42
50
42
50
50
50
50
50
50
50
43
43
43
43
43
43
43
43
43
28
28
28
51
51
51
51
51
51
30
30
30
30
30
157
52
52
52
52
52
52
155
32
32
32
44
53
53
53
45
53
45
45
45
45
23
54
46
45
46
54
55
46
55
55
55
55
55
55
55
56
56
56
56
56
56
56
56
56
158
158
158
37
37
37
159
156
156
60
60
60
61
160
42
62
62
62
62
62
62
62
50
50
50
50
50
50
63
63
63
63
63
63
64
64
64
64
64
64
51
51
51
51
51
51
64
64
157
64
157
52
52
52
161
52
52
52
161
161
32
32
32
161
53
53
53
65
66
53
66
45
66
66
46
66
46
54
55
46
55
55
55
55
67
55
67
67
67
67
56
67
56
80
56
80
158
158
158
69
69
69
69
159
159
156
156
156
60
60
60
62
62
62
62
62
62
62
62
73
73
73
73
73
73
63
63
63
63
63
63
74
74
74
74
74
74
74
75
75
75
75
75
75
64
64
64
157
76
76
76
157
161
76
76
76
161
161
77
77
77
161
53
53
53
65
65
53
66
53
66
65
66
66
66
46
66
46
78
79
46
79
79
79
79
67
79
67
67
67
67
80
67
80
80
80
80
158
158
158
69
69
159
159
159
156
162
162
163
60
61
62
85
85
85
85
62
85
62
73
73
73
73
73
73
86
86
86
86
86
86
74
74
74
74
74
74
75
75
75
75
75
75
75
164
87
164
164
76
76
76
164
164
164
76
76
76
77
77
77
89
89
53
88
88
89
89
89
66
90
89
78
90
90
90
79
90
79
79
79
79
91
79
91
91
91
91
80
91
80
80
80
80
158
158
158
94
69
159
159
162
162
71
85
85
85
85
85
62
85
62
95
95
95
95
95
95
86
86
86
86
86
86
74
74
74
74
165
165
96
96
96
96
96
96
87
87
166
87
166
164
97
97
97
97
97
97
167
77
77
77
88
89
89
98
89
89
89
90
90
89
78
78
90
90
90
99
100
90
100
100
100
100
91
100
91
91
91
91
101
91
101
101
101
101
168
168
168
94
169
94
159
162
162
162
163
83
170
71
85
105
105
105
105
95
105
95
95
95
95
106
106
106
106
106
106
106
106
106
106
106
106
165
165
165
96
96
96
96
96
96
87
87
166
87
166
97
97
97
164
97
97
97
164
167
77
77
77
167
98
98
98
107
108
98
108
90
108
108
109
108
109
99
100
109
100
100
100
100
110
100
110
110
110
110
101
110
101
101
101
101
168
168
168
94
94
169
94
169
169
171
162
162
172
172
172
105
105
105
105
105
95
125
125
95
125
125
125
125
125
114
114
114
114
114
114
114
114
114
165
114
165
165
115
115
115
115
115
115
87
166
166
166
116
116
116
166
173
116
116
116
167
167
117
117
117
173
98
98
98
107
107
98
108
98
108
107
108
108
108
109
108
109
138
119
109
109
119
119
119
110
119
119
110
110
110
110
110
110
120
120
120
168
168
168
169
94
169
169
169
171
171
172
172
122
170
105
131
105
131
131
125
131
132
125
132
132
125
132
125
125
125
125
114
125
114
114
114
114
165
165
165
115
115
115
115
115
115
115
166
135
166
135
116
116
116
166
135
173
116
116
116
117
117
117
98
98
98
107
107
127
98
127
108
127
127
118
109
127
139
109
139
109
119
109
109
119
109
119
119
119
119
119
119
120
120
120
120
168
168
168
129
169
169
169
171
122
113
131
131
131
131
131
132
131
132
132
132
132
132
132
132
133
133
133
133
133
133
114
114
114
165
114
114
134
134
134
134
134
134
135
135
135
135
135
135
136
136
136
136
136
136
173
117
117
117
173
137
137
137
127
137
127
127
127
127
118
126
139
127
139
138
139
139
139
140
140
140
140
140
140
141
141
141
141
141
141
120
120
120
120
120
120
129
129
129
171
171
171
122
122
145
130
130
131
131
131
131
131
132
131
132
132
132
132
132
132
132
133
133
133
133
133
133
114
114
114
114
114
114
134
134
134
134
134
134
135
135
135
135
135
136
136
136
135
136
136
136
173
173
117
117
117
173
137
137
137
126
137
137
137
127
139
137
139
139
139
148
139
139
139
140
140
140
140
140
140
141
141
141
141
141
141
120
120
120
120
120
120
129
129
129
129
171
171
171
171
171
122
122
122
0
4
5
149
149
150
150
150
8
7
9
151
151
174
174
175
14
16
16
15
15
152
152
19
19
20
20
154
154
176
176
177
22
0
4
5
149
149
150
8
7
10
9
151
151
174
174
175
14
16
16
15
152
152
19
21
20
21
154
154
176
176
177
22
1
28
28
29
149
149
150
150
10
24
23
178
178
179
179
175
14
35
35
37
36
152
153
153
153
48
48
25
180
180
180
180
177
22
1
28
30
149
155
155
7
23
24
23
178
178
179
179
175
47
35
37
36
152
153
48
48
40
25
160
160
181
181
177
49
42
28
51
157
157
155
44
44
44
53
45
182
182
183
183
68
47
158
37
36
36
156
156
48
60
41
41
160
160
181
181
49
49
42
64
51
157
157
161
65
53
54
45
182
182
183
183
68
68
80
158
57
159
159
60
61
84
71
184
184
185
185
186
186
62
74
74
75
157
157
161
161
54
66
78
187
187
188
188
188
68
80
158
69
57
159
156
156
60
60
60
84
184
184
185
185
186
186
62
74
87
164
167
167
89
78
66
78
187
187
188
188
188
92
158
94
93
69
162
163
163
170
84
189
189
189
189
190
190
85
74
96
164
164
164
167
88
88
89
90
191
191
192
192
92
92
168
94
93
81
159
159
163
163
84
103
193
193
190
190
190
190
85
165
96
164
164
164
107
98
99
90
191
191
192
192
92
92
101
168
111
169
169
172
170
103
113
113
193
193
194
194
194
105
114
165
115
166
166
166
167
118
108
99
195
195
195
195
128
128
120
168
94
121
169
171
162
172
172
172
124
196
196
197
197
198
194
105
165
87
166
173
173
98
118
108
138
138
138
199
199
128
128
168
129
121
169
172
172
122
130
124
196
196
197
197
198
124
131
165
134
135
135
173
173
173
173
137
127
138
148
148
199
199
142
120
129
143
144
169
169
122
122
146
146
130
200
200
198
198
147
131
114
134
135
135
173
126
137
126
127
148
148
148
142
142
142
120
120
143
171
171
122
145
146
145
200
200
201
201
201
201
3
3
149
150
150
150
150
150
8
8
8
8
10
10
10
10
151
10
151
151
151
174
151
174
174
174
174
174
174
174
175
175
175
13
13
14
14
14
14
14
14
15
15
15
16
15
15
153
152
153
17
17
15
17
19
17
17
19
19
18
18
18
18
19
19
19
20
20
18
20
19
19
21
21
21
154
21
22
22
22
20
20
20
20
154
154
154
176
154
176
176
176
176
176
176
176
177
177
177
22
22
22
4
4
149
150
149
150
150
150
150
8
8
8
10
10
10
10
10
23
23
151
151
151
151
151
151
174
174
174
174
174
174
175
175
175
16
14
14
14
14
15
15
15
15
15
152
15
15
38
153
17
38
38
19
17
17
17
19
19
19
18
18
18
18
19
19
19
20
18
18
20
19
19
21
21
21
21
21
25
22
25
20
25
25
20
25
154
154
154
154
154
154
176
176
176
176
176
176
177
177
177
22
22
22
30
149
150
150
155
155
8
8
10
10
10
10
10
23
178
178
178
178
178
178
179
179
179
179
179
179
175
175
175
35
14
14
14
14
36
36
37
36
36
36
152
38
38
36
38
38
38
17
17
17
48
39
39
39
19
48
48
40
41
18
39
39
41
40
40
40
40
40
21
21
21
25
22
25
25
25
25
41
25
180
180
180
180
180
180
180
180
180
180
180
180
177
177
177
22
22
22
28
28
30
155
155
155
155
155
44
44
44
44
44
23
23
23
23
23
23
178
178
178
178
178
178
179
179
179
179
179
179
175
175
175
35
35
47
47
47
47
47
47
37
36
36
47
152
37
38
36
36
156
156
38
38
36
153
38
38
38
48
60
48
39
39
39
39
48
48
48
48
41
39
39
39
40
61
40
61
40
40
40
49
49
25
41
49
41
41
160
160
160
160
160
160
181
181
181
181
181
181
177
177
177
49
49
49
49
28
28
157
155
155
155
161
161
44
44
44
44
23
54
54
54
54
54
182
182
182
182
182
182
183
183
183
183
183
183
68
68
68
35
35
47
47
47
47
47
47
57
57
57
37
58
57
156
159
156
58
58
58
38
60
38
38
60
60
59
59
59
59
60
60
60
41
39
59
59
61
61
61
61
61
40
61
49
49
49
41
41
41
41
160
160
160
160
160
181
181
181
181
181
181
49
49
49
49
49
49
49
64
64
157
161
157
161
65
161
65
65
65
65
54
54
54
54
54
54
54
182
182
182
182
182
182
183
183
183
183
183
183
68
68
68
80
68
68
68
68
57
57
57
57
57
69
58
57
58
156
58
58
58
60
70
70
70
60
60
60
59
59
59
59
60
60
60
84
59
84
84
61
61
61
61
61
71
71
72
72
72
72
72
72
84
72
184
184
184
184
184
184
185
185
185
185
185
185
186
186
186
186
186
186
64
157
167
65
167
65
65
65
54
54
78
54
78
78
187
187
187
187
187
187
188
188
188
188
188
188
188
188
188
80
68
68
68
68
57
57
69
57
57
57
69
81
81
57
58
58
81
70
70
70
60
82
82
82
83
60
83
83
84
84
82
82
82
83
83
61
61
61
71
71
71
72
72
72
72
72
72
84
72
184
184
184
184
184
184
185
185
185
185
185
185
186
186
186
186
186
186
74
74
87
164
167
167
167
65
167
88
88
88
88
78
78
78
78
78
78
187
187
187
187
187
187
188
188
188
188
188
188
188
188
188
80
80
92
92
92
93
92
93
94
93
93
93
69
69
81
81
93
156
162
58
58
81
162
70
70
70
163
163
163
82
82
82
82
83
163
83
83
84
82
82
82
83
83
170
170
170
71
71
84
84
84
84
84
84
84
189
71
189
189
189
189
189
189
189
189
189
189
190
189
190
190
190
190
84
74
74
164
164
167
167
167
167
88
88
88
88
78
78
99
99
99
99
191
191
191
191
191
191
192
192
192
192
192
192
92
92
92
101
101
92
92
92
92
93
93
93
93
93
169
81
93
162
159
162
58
58
81
70
162
70
70
163
163
102
102
102
103
163
163
163
103
103
103
103
83
83
170
170
170
71
71
104
104
104
104
104
104
103
193
71
193
193
193
193
190
193
190
190
190
190
190
190
190
190
190
104
165
114
166
164
166
167
88
167
88
107
107
107
99
99
99
99
99
99
99
191
191
191
191
191
191
192
192
192
192
192
192
92
92
92
101
92
92
92
111
111
111
111
111
111
169
81
111
81
162
58
81
58
162
112
112
112
172
172
172
102
102
102
103
163
163
83
103
103
103
103
83
83
170
170
170
113
113
104
104
104
104
104
104
103
103
113
113
113
193
193
193
193
193
193
194
194
194
194
194
194
194
194
194
87
166
167
88
173
107
107
107
118
118
118
118
118
118
195
195
195
195
195
195
195
195
195
195
195
195
128
128
128
120
128
128
128
111
111
111
94
121
121
111
169
121
121
121
58
121
121
112
112
112
172
102
102
102
122
122
122
122
124
123
103
123
123
170
170
113
170
113
113
113
113
124
124
124
104
124
124
124
124
196
196
196
196
196
196
197
197
197
197
197
197
198
198
198
194
194
194
114
114
135
173
173
173
173
107
173
107
126
126
126
118
118
118
118
118
138
138
138
138
138
138
138
199
138
199
199
199
199
128
199
128
120
120
128
128
128
121
128
121
129
121
121
121
129
129
121
144
121
171
171
121
144
144
171
112
112
112
172
122
122
102
102
102
123
122
122
122
122
124
123
123
146
130
130
130
130
130
113
130
124
124
124
124
124
146
146
196
196
196
196
196
196
197
197
197
197
197
197
198
198
198
124
124
124
124
114
114
135
173
173
173
173
173
126
173
126
126
118
126
138
138
138
138
138
148
148
148
148
148
148
148
148
199
199
199
199
199
199
120
120
142
142
142
142
143
143
143
143
143
129
144
143
171
171
171
144
144
144
112
122
112
112
122
122
123
123
123
123
145
122
145
146
123
123
146
130
145
130
145
130
130
130
147
147
147
146
146
147
146
130
200
200
200
200
200
200
200
200
198
198
198
198
198
198
147
147
147
114
114
135
135
135
173
173
173
173
126
126
126
126
126
148
126
148
148
148
148
148
148
148
148
142
148
142
142
142
142
142
142
142
142
120
142
142
142
142
143
143
143
143
143
129
144
143
144
171
144
144
144
122
144
144
144
122
122
122
123
123
123
123
145
145
145
146
123
146
146
145
145
145
145
145
145
145
147
147
147
146
146
147
146
146
200
200
200
200
200
200
201
201
201
201
201
201
201
201
201
201
201
201
)

)


// ************************************************************************* //
