# Region type : patch heatedWall
# Faces         : 16200
# Area          : 1.50000000e-02
# Scale factor  : 1.00000000e+00
# Time          	areaAverage(T)
100             	7.84352069e+01
200             	7.84201239e+01
300             	7.84203071e+01
400             	7.84258774e+01
500             	7.84302454e+01
600             	7.84403053e+01
700             	7.84509035e+01
800             	7.84559410e+01
900             	7.84592420e+01
1000            	7.84615779e+01
1100            	7.84628177e+01
1200            	7.84627161e+01
1300            	7.84626064e+01
1400            	7.84625112e+01
1500            	7.84628598e+01
1600            	7.84628912e+01
1700            	7.84627870e+01
1800            	7.84630409e+01
1900            	7.84628398e+01
2000            	7.84627907e+01
2100            	7.84629512e+01
2200            	7.84629009e+01
2300            	7.84628483e+01
2400            	7.84629500e+01
2500            	7.84628936e+01
2600            	7.84628626e+01
2700            	7.84628283e+01
2800            	7.84628083e+01
2900            	7.84628528e+01
3000            	7.84627928e+01
3100            	7.84628625e+01
3200            	7.84628261e+01
3300            	7.84627949e+01
3400            	7.84627698e+01
3500            	7.84628007e+01
3600            	7.84627879e+01
3700            	7.84628156e+01
3800            	7.84628007e+01
3900            	7.84627571e+01
4000            	7.84627695e+01
4100            	7.84628237e+01
4200            	7.84628801e+01
4300            	7.84628318e+01
4400            	7.84628552e+01
4500            	7.84628870e+01
4600            	7.84628167e+01
4700            	7.84627791e+01
4800            	7.84627804e+01
4900            	7.84627537e+01
5000            	7.84628108e+01
5100            	7.84628333e+01
5200            	7.84627607e+01
5300            	7.84628372e+01
5400            	7.84627825e+01
5500            	7.84627681e+01
5600            	7.84628434e+01
5700            	7.84628385e+01
5800            	7.84628175e+01
5900            	7.84628317e+01
6000            	7.84627864e+01
6100            	7.84628120e+01
6200            	7.84628300e+01
6300            	7.84628714e+01
6400            	7.84628136e+01
6500            	7.84628019e+01
6600            	7.84628413e+01
6700            	7.84627843e+01
6800            	7.84627711e+01
6900            	7.84628045e+01
7000            	7.84627596e+01
7100            	7.84627715e+01
7200            	7.84628843e+01
7300            	7.84628313e+01
7400            	7.84627812e+01
7500            	7.84627450e+01
7600            	7.84627962e+01
7700            	7.84628409e+01
7800            	7.84628165e+01
7900            	7.84627612e+01
8000            	7.84628361e+01
8100            	7.84628316e+01
8200            	7.84627620e+01
8300            	7.84627499e+01
8400            	7.84628096e+01
8500            	7.84627913e+01
8600            	7.84628262e+01
8700            	7.84628175e+01
8800            	7.84627388e+01
8900            	7.84627737e+01
9000            	7.84628154e+01
9100            	7.84627309e+01
9200            	7.84628388e+01
9300            	7.84627942e+01
9400            	7.84628393e+01
9500            	7.84627784e+01
9600            	7.84628240e+01
9700            	7.84628001e+01
9800            	7.84627917e+01
9900            	7.84627577e+01
10000           	7.84627175e+01
