# Region type : patch inlet
# Faces         : 1620
# Area          : 5.00000000e-04
# Scale factor  : 1.00000000e+00
# Time          	areaAverage(p_rgh)
100             	5.60732929e-04
200             	7.87307734e-04
300             	9.39494161e-04
400             	1.08177933e-03
500             	1.21753656e-03
600             	1.35523876e-03
700             	1.51091704e-03
800             	1.62222300e-03
900             	1.75256410e-03
1000            	1.83323322e-03
1100            	1.89129277e-03
1200            	1.87824659e-03
1300            	2.00225492e-03
1400            	1.96007108e-03
1500            	2.04395944e-03
1600            	1.97269238e-03
1700            	2.02499473e-03
1800            	2.04866195e-03
1900            	2.01370272e-03
2000            	2.06198643e-03
2100            	2.09154303e-03
2200            	2.08389081e-03
2300            	2.04954071e-03
2400            	2.07353512e-03
2500            	2.06697334e-03
2600            	1.99668926e-03
2700            	2.06224656e-03
2800            	2.10969475e-03
2900            	2.07116391e-03
3000            	2.08740226e-03
3100            	2.01204517e-03
3200            	2.06309622e-03
3300            	2.08421732e-03
3400            	2.03561710e-03
3500            	2.06616659e-03
3600            	2.03197544e-03
3700            	2.03548033e-03
3800            	2.05311867e-03
3900            	2.13230563e-03
4000            	1.99312930e-03
4100            	2.05928339e-03
4200            	2.04382495e-03
4300            	2.03522642e-03
4400            	2.06452876e-03
4500            	2.02732079e-03
4600            	2.10312263e-03
4700            	2.02892785e-03
4800            	2.00551210e-03
4900            	2.05921078e-03
5000            	2.04293453e-03
5100            	2.07759047e-03
5200            	2.08563380e-03
5300            	2.03181587e-03
5400            	2.05825669e-03
5500            	2.04230090e-03
5600            	2.06355419e-03
5700            	2.04366744e-03
5800            	2.07835791e-03
5900            	2.01203615e-03
6000            	2.05378884e-03
6100            	2.04896295e-03
6200            	2.08536170e-03
6300            	2.02576770e-03
6400            	2.05975339e-03
6500            	2.03576366e-03
6600            	2.05387645e-03
6700            	2.04736324e-03
6800            	1.99867919e-03
6900            	2.05254590e-03
7000            	1.96314772e-03
7100            	2.02603165e-03
7200            	2.03993628e-03
7300            	2.08817762e-03
7400            	2.04059690e-03
7500            	2.10153455e-03
7600            	2.04262507e-03
7700            	2.07794808e-03
7800            	2.00962464e-03
7900            	2.06056625e-03
8000            	2.01676858e-03
8100            	2.03383928e-03
8200            	2.02412710e-03
8300            	2.08358092e-03
8400            	1.99958759e-03
8500            	2.03497790e-03
8600            	2.06833740e-03
8700            	2.04001658e-03
8800            	2.07643051e-03
8900            	2.06805891e-03
9000            	2.02388130e-03
9100            	2.01579166e-03
9200            	2.02358120e-03
9300            	2.03395324e-03
9400            	2.02571726e-03
9500            	2.08104880e-03
9600            	2.06869164e-03
9700            	2.07685355e-03
9800            	2.01203738e-03
9900            	2.02856990e-03
10000           	2.07886698e-03
