0.0005 	77.00503
0.0015 	77.017305
0.0025 	77.032871
0.0035 	77.050162
0.0045 	77.063026
0.0055 	77.084202
0.0065 	77.100986
0.0075 	77.121973
0.0085 	77.145832
0.0095 	77.162075
0.0105 	77.186764
0.0115 	77.20614
0.0125 	77.229304
0.0135 	77.254094
0.0145 	77.273273
0.0155 	77.298419
0.0165 	77.319788
0.0175 	77.343617
0.0185 	77.368497
0.0195 	77.389287
0.0205 	77.414097
0.0215 	77.436134
0.0225 	77.459689
0.0235 	77.48398
0.0245 	77.505063
0.0255 	77.529048
0.0265 	77.550866
0.0275 	77.573697
0.0285 	77.597071
0.0295 	77.617851
0.0305 	77.640842
0.0315 	77.662089
0.0325 	77.684056
0.0335 	77.706437
0.0345 	77.72669
0.0355 	77.748677
0.0365 	77.769238
0.0375 	77.790328
0.0385 	77.81174
0.0395 	77.831389
0.0405 	77.852419
0.0415 	77.87227
0.0425 	77.892513
0.0435 	77.913007
0.0445 	77.932028
0.0455 	77.952161
0.0465 	77.97131
0.0475 	77.990753
0.0485 	78.010396
0.0495 	78.028794
0.0505 	78.0481
0.0515 	78.066575
0.0525 	78.085272
0.0535 	78.104129
0.0545 	78.121923
0.0555 	78.140467
0.0565 	78.158302
0.0575 	78.176305
0.0585 	78.194439
0.0595 	78.211655
0.0605 	78.229499
0.0615 	78.246732
0.0625 	78.264092
0.0635 	78.281561
0.0645 	78.298228
0.0655 	78.315429
0.0665 	78.332095
0.0675 	78.34886
0.0685 	78.365716
0.0695 	78.381866
0.0705 	78.398473
0.0715 	78.41461
0.0725 	78.430822
0.0735 	78.447113
0.0745 	78.462775
0.0755 	78.478835
0.0765 	78.494477
0.0775 	78.510179
0.0785 	78.525948
0.0795 	78.541154
0.0805 	78.556709
0.0815 	78.571889
0.0825 	78.587116
0.0835 	78.602402
0.0845 	78.61718
0.0855 	78.632267
0.0865 	78.647016
0.0875 	78.661803
0.0885 	78.67664
0.0895 	78.691016
0.0905 	78.705668
0.0915 	78.720013
0.0925 	78.734387
0.0935 	78.748806
0.0945 	78.762804
0.0955 	78.777051
0.0965 	78.791017
0.0975 	78.805007
0.0985 	78.819037
0.0995 	78.832681
0.1005 	78.84655
0.1015 	78.860161
0.1025 	78.873791
0.1035 	78.887458
0.1045 	78.900769
0.1055 	78.914285
0.1065 	78.927564
0.1075 	78.940857
0.1085 	78.954184
0.1095 	78.967182
0.1105 	78.980366
0.1115 	78.993332
0.1125 	79.00631
0.1135 	79.019318
0.1145 	79.032021
0.1155 	79.044895
0.1165 	79.057566
0.1175 	79.070247
0.1185 	79.082956
0.1195 	79.09538
0.1205 	79.107963
0.1215 	79.120356
0.1225 	79.132758
0.1235 	79.145185
0.1245 	79.157346
0.1255 	79.169655
0.1265 	79.181786
0.1275 	79.193924
0.1285 	79.206085
0.1295 	79.217998
0.1305 	79.230047
0.1315 	79.241931
0.1325 	79.25382
0.1335 	79.26573
0.1345 	79.277408
0.1355 	79.289212
0.1365 	79.300862
0.1375 	79.312515
0.1385 	79.324188
0.1395 	79.335643
0.1405 	79.347216
0.1415 	79.358643
0.1425 	79.370074
0.1435 	79.381522
0.1445 	79.392765
0.1455 	79.404118
0.1465 	79.415334
0.1475 	79.426553
0.1485 	79.437788
0.1495 	79.44883
0.1505 	79.459975
0.1515 	79.47099
0.1525 	79.482008
0.1535 	79.493041
0.1545 	79.50389
0.1555 	79.514838
0.1565 	79.525663
0.1575 	79.536489
0.1585 	79.54733
0.1595 	79.557997
0.1605 	79.568756
0.1615 	79.579399
0.1625 	79.590043
0.1635 	79.600701
0.1645 	79.611194
0.1655 	79.621773
0.1665 	79.632243
0.1675 	79.642713
0.1685 	79.653196
0.1695 	79.663522
0.1705 	79.673931
0.1715 	79.684235
0.1725 	79.694538
0.1735 	79.704854
0.1745 	79.715021
0.1755 	79.725266
0.1765 	79.735411
0.1775 	79.745555
0.1785 	79.755711
0.1795 	79.765724
0.1805 	79.775812
0.1815 	79.785805
0.1825 	79.795796
0.1835 	79.805799
0.1845 	79.815666
0.1855 	79.825603
0.1865 	79.835449
0.1875 	79.845294
0.1885 	79.85515
0.1895 	79.864876
0.1905 	79.874669
0.1915 	79.884375
0.1925 	79.89408
0.1935 	79.903795
0.1945 	79.913385
0.1955 	79.92304
0.1965 	79.932611
0.1975 	79.942181
0.1985 	79.951761
0.1995 	79.96122
0.2005 	79.970742
0.2015 	79.980184
0.2025 	79.989624
0.2035 	79.999074
0.2045 	80.008408
0.2055 	80.017802
0.2065 	80.027118
0.2075 	80.036434
0.2085 	80.045758
0.2095 	80.054972
0.2105 	80.064242
0.2115 	80.073438
0.2125 	80.082633
0.2135 	80.091837
0.2145 	80.100934
0.2155 	80.110085
0.2165 	80.119165
0.2175 	80.128244
0.2185 	80.137331
0.2195 	80.146315
0.2205 	80.155352
0.2215 	80.16432
0.2225 	80.173286
0.2235 	80.18226
0.2245 	80.191136
0.2255 	80.200061
0.2265 	80.208921
0.2275 	80.217779
0.2285 	80.226644
0.2295 	80.235414
0.2305 	80.244233
0.2315 	80.252987
0.2325 	80.26174
0.2335 	80.270501
0.2345 	80.279169
0.2355 	80.287883
0.2365 	80.296537
0.2375 	80.305188
0.2385 	80.313846
0.2395 	80.322415
0.2405 	80.33103
0.2415 	80.339585
0.2425 	80.348138
0.2435 	80.356697
0.2445 	80.365171
0.2455 	80.373688
0.2465 	80.382147
0.2475 	80.390605
0.2485 	80.399068
0.2495 	80.407449
0.2505 	80.415872
0.2515 	80.424239
0.2525 	80.432604
0.2535 	80.440975
0.2545 	80.449265
0.2555 	80.457596
0.2565 	80.465873
0.2575 	80.474148
0.2585 	80.482429
0.2595 	80.490633
0.2605 	80.498875
0.2615 	80.507065
0.2625 	80.515253
0.2635 	80.523447
0.2645 	80.531565
0.2655 	80.539721
0.2665 	80.547826
0.2675 	80.555929
0.2685 	80.564038
0.2695 	80.572074
0.2705 	80.580146
0.2715 	80.588169
0.2725 	80.59619
0.2735 	80.604217
0.2745 	80.612172
0.2755 	80.620163
0.2765 	80.628106
0.2775 	80.636047
0.2785 	80.643993
0.2795 	80.651869
0.2805 	80.659781
0.2815 	80.667646
0.2825 	80.675509
0.2835 	80.683376
0.2845 	80.691177
0.2855 	80.699011
0.2865 	80.706799
0.2875 	80.714586
0.2885 	80.722377
0.2895 	80.730103
0.2905 	80.73786
0.2915 	80.745573
0.2925 	80.753284
0.2935 	80.760998
0.2945 	80.768631
0.2955 	80.776306
0.2965 	80.783946
0.2975 	80.791554
0.2985 	80.798736
0.2995 	80.803719
