# Region type : patch heatedWall
# Faces         : 36450
# Area          : 1.50000000e-02
# Scale factor  : 1.00000000e+00
# Time          	areaAverage(T)
100             	6.29951184e+01
200             	6.50323743e+01
300             	6.57747381e+01
400             	6.60178309e+01
500             	6.63654573e+01
600             	6.65711938e+01
700             	6.67502644e+01
800             	6.68827367e+01
900             	6.69674868e+01
1000            	6.70144419e+01
1100            	6.70405916e+01
1200            	6.70396253e+01
1300            	6.70333643e+01
1400            	6.70245635e+01
1500            	6.70239900e+01
1600            	6.70240789e+01
1700            	6.70242397e+01
1800            	6.70243777e+01
1900            	6.70244794e+01
2000            	6.70244776e+01
2100            	6.70244228e+01
2200            	6.70243922e+01
2300            	6.70244332e+01
2400            	6.70244511e+01
2500            	6.70244440e+01
2600            	6.70244114e+01
2700            	6.70243985e+01
2800            	6.70243924e+01
2900            	6.70244224e+01
3000            	6.70243910e+01
3100            	6.70244404e+01
3200            	6.70244334e+01
3300            	6.70243653e+01
3400            	6.70244505e+01
3500            	6.70243485e+01
3600            	6.70243960e+01
3700            	6.70243785e+01
3800            	6.70243007e+01
3900            	6.70243500e+01
4000            	6.70243563e+01
4100            	6.70242981e+01
4200            	6.70242600e+01
4300            	6.70243833e+01
4400            	6.70243363e+01
4500            	6.70242691e+01
4600            	6.70243842e+01
4700            	6.70243736e+01
4800            	6.70243168e+01
4900            	6.70243690e+01
5000            	6.70242995e+01
5100            	6.70243307e+01
5200            	6.70243234e+01
5300            	6.70242832e+01
5400            	6.70243225e+01
5500            	6.70243942e+01
5600            	6.70243710e+01
5700            	6.70244612e+01
5800            	6.70243658e+01
5900            	6.70243751e+01
6000            	6.70244369e+01
