# Region type : patch heatedWall
# Faces         : 16200
# Area          : 1.50000000e-02
# Scale factor  : 1.00000000e+00
# Time          	areaAverage(T)
100             	5.33727273e+01
200             	5.16147899e+01
300             	5.03000200e+01
400             	5.02735121e+01
500             	5.02779125e+01
600             	5.02816324e+01
700             	5.02833742e+01
800             	5.02837937e+01
900             	5.02838191e+01
1000            	5.02838158e+01
1100            	5.02838156e+01
1200            	5.02838154e+01
1300            	5.02838154e+01
1400            	5.02838154e+01
1500            	5.02838153e+01
1600            	5.02838153e+01
1700            	5.02838153e+01
1800            	5.02838154e+01
1900            	5.02838155e+01
2000            	5.02838154e+01
2100            	5.02838155e+01
2200            	5.02838153e+01
2300            	5.02838154e+01
2400            	5.02838153e+01
2500            	5.02838154e+01
2600            	5.02838153e+01
2700            	5.02838154e+01
2800            	5.02838154e+01
2900            	5.02838154e+01
3000            	5.02838154e+01
3100            	5.02838155e+01
3200            	5.02838155e+01
3300            	5.02838155e+01
3400            	5.02838155e+01
3500            	5.02838154e+01
3600            	5.02838153e+01
3700            	5.02838155e+01
3800            	5.02838153e+01
3900            	5.02838154e+01
4000            	5.02838156e+01
4100            	5.02838155e+01
4200            	5.02838155e+01
4300            	5.02838154e+01
4400            	5.02838154e+01
4500            	5.02838153e+01
4600            	5.02838154e+01
4700            	5.02838153e+01
4800            	5.02838153e+01
4900            	5.02838154e+01
5000            	5.02838154e+01
5100            	5.02838153e+01
5200            	5.02838155e+01
5300            	5.02838153e+01
5400            	5.02838154e+01
5500            	5.02838154e+01
5600            	5.02838154e+01
5700            	5.02838154e+01
5800            	5.02838153e+01
5900            	5.02838154e+01
6000            	5.02838153e+01
6100            	5.02838154e+01
6200            	5.02838154e+01
6300            	5.02838155e+01
6400            	5.02838155e+01
6500            	5.02838155e+01
6600            	5.02838155e+01
6700            	5.02838154e+01
6800            	5.02838154e+01
6900            	5.02838154e+01
7000            	5.02838154e+01
7100            	5.02838155e+01
7200            	5.02838155e+01
7300            	5.02838155e+01
7400            	5.02838155e+01
7500            	5.02838155e+01
7600            	5.02838155e+01
7700            	5.02838156e+01
7800            	5.02838155e+01
7900            	5.02838155e+01
8000            	5.02838154e+01
