0 	78.468636
5.0251256e-05 	78.279096
0.00010050251 	78.089556
0.00015075377 	77.900016
0.00020100503 	77.725473
0.00025125628 	77.629131
0.00030150754 	77.532789
0.00035175879 	77.436447
0.00040201005 	77.340105
0.00045226131 	77.266495
0.00050251256 	77.233632
0.00055276382 	77.200768
0.00060301508 	77.167905
0.00065326633 	77.135041
0.00070351759 	77.102178
0.00075376884 	77.078067
0.0008040201 	77.070239
0.00085427136 	77.062411
0.00090452261 	77.054583
0.00095477387 	77.046756
0.0010050251 	77.038928
0.0010552764 	77.0311
0.0011055276 	77.023272
0.0011557789 	77.021028
0.0012060302 	77.019906
0.0012562814 	77.018783
0.0013065327 	77.01766
0.0013567839 	77.016538
0.0014070352 	77.015415
0.0014572864 	77.014293
0.0015075377 	77.01317
0.0015577889 	77.012047
0.0016080402 	77.011493
0.0016582915 	77.011695
0.0017085427 	77.011896
0.001758794 	77.012098
0.0018090452 	77.012299
0.0018592965 	77.012501
0.0019095477 	77.012702
0.001959799 	77.012904
0.0020100503 	77.013105
0.0020603015 	77.013307
0.0021105528 	77.013508
0.002160804 	77.01371
0.0022110553 	77.013951
0.0022613065 	77.014211
0.0023115578 	77.014471
0.002361809 	77.014732
0.0024120603 	77.014992
0.0024623116 	77.015252
0.0025125628 	77.015513
0.0025628141 	77.015773
0.0026130653 	77.016033
0.0026633166 	77.016294
0.0027135678 	77.016554
0.0027638191 	77.016814
0.0028140704 	77.017075
0.0028643216 	77.017335
0.0029145729 	77.017595
0.0029648241 	77.017854
0.0030150754 	77.018112
0.0030653266 	77.01837
0.0031155779 	77.018629
0.0031658291 	77.018887
0.0032160804 	77.019145
0.0032663317 	77.019403
0.0033165829 	77.019662
0.0033668342 	77.01992
0.0034170854 	77.020178
0.0034673367 	77.020436
0.0035175879 	77.020695
0.0035678392 	77.020953
0.0036180905 	77.021211
0.0036683417 	77.021469
0.003718593 	77.021728
0.0037688442 	77.021986
0.0038190955 	77.022244
0.0038693467 	77.022563
0.003919598 	77.022934
0.0039698492 	77.023305
0.0040201005 	77.023676
0.0040703518 	77.024048
0.004120603 	77.024419
0.0041708543 	77.02479
0.0042211055 	77.025161
0.0042713568 	77.025532
0.004321608 	77.025904
0.0043718593 	77.026275
0.0044221106 	77.026646
0.0044723618 	77.027017
0.0045226131 	77.027389
0.0045728643 	77.02776
0.0046231156 	77.028131
0.0046733668 	77.028502
0.0047236181 	77.028873
0.0047738693 	77.029245
0.0048241206 	77.029616
0.0048743719 	77.029987
0.0049246231 	77.030358
0.0049748744 	77.03073
0.0050251256 	77.031213
0.0050753769 	77.031809
0.0051256281 	77.032404
0.0051758794 	77.033
0.0052261307 	77.033596
0.0052763819 	77.034191
0.0053266332 	77.034787
0.0053768844 	77.035382
0.0054271357 	77.035978
0.0054773869 	77.036574
0.0055276382 	77.037169
0.0055778894 	77.037765
0.0056281407 	77.038361
0.005678392 	77.038956
0.0057286432 	77.039552
0.0057788945 	77.040148
0.0058291457 	77.040743
0.005879397 	77.041339
0.0059296482 	77.041935
0.0059798995 	77.04253
0.0060301508 	77.043126
0.006080402 	77.043722
0.0061306533 	77.044317
0.0061809045 	77.045031
0.0062311558 	77.045881
0.006281407 	77.04673
0.0063316583 	77.04758
0.0063819095 	77.048429
0.0064321608 	77.049279
0.0064824121 	77.050128
0.0065326633 	77.050978
0.0065829146 	77.051827
0.0066331658 	77.052677
0.0066834171 	77.053526
0.0067336683 	77.054376
0.0067839196 	77.055225
0.0068341709 	77.056075
0.0068844221 	77.056924
0.0069346734 	77.057774
0.0069849246 	77.058623
0.0070351759 	77.059473
0.0070854271 	77.060311
0.0071356784 	77.060947
0.0071859296 	77.061583
0.0072361809 	77.062218
0.0072864322 	77.062854
0.0073366834 	77.06349
0.0073869347 	77.064125
0.0074371859 	77.064761
0.0074874372 	77.065397
0.0075376884 	77.066032
0.0075879397 	77.066668
0.007638191 	77.067304
0.0076884422 	77.067939
0.0077386935 	77.068575
0.0077889447 	77.069211
0.007839196 	77.069497
0.0078894472 	77.06909
0.0079396985 	77.068684
0.0079899497 	77.068277
0.008040201 	77.06787
0.0080904523 	77.067464
0.0081407035 	77.067057
0.0081909548 	77.066651
0.008241206 	77.066244
0.0082914573 	77.065837
0.0083417085 	77.065431
0.0083919598 	77.065024
0.0084422111 	77.064029
0.0084924623 	77.062592
0.0085427136 	77.061155
0.0085929648 	77.059718
0.0086432161 	77.058281
0.0086934673 	77.056844
0.0087437186 	77.055407
0.0087939698 	77.05397
0.0088442211 	77.052533
0.0088944724 	77.051109
0.0089447236 	77.049753
0.0089949749 	77.048397
0.0090452261 	77.04704
0.0090954774 	77.045684
0.0091457286 	77.044327
0.0091959799 	77.042971
0.0092462312 	77.041614
0.0092964824 	77.040793
0.0093467337 	77.040258
0.0093969849 	77.039724
0.0094472362 	77.03919
0.0094974874 	77.038655
0.0095477387 	77.038121
0.0095979899 	77.038003
0.0096482412 	77.038118
0.0096984925 	77.038233
0.0097487437 	77.038348
0.009798995 	77.038463
0.0098492462 	77.038607
0.0098994975 	77.038756
0.0099497487 	77.038905
0.01 	77.039055
