# Region type : patch shield
# Faces       : 3456
# Area        : 5.674152e-01
# Scale factor: 1.000000e+00
# Time        	areaIntegrate(wallHeatFlux)
50            	-4.707173e-01
100           	-4.706720e-01
150           	-4.706574e-01
200           	-4.706475e-01
250           	-4.706431e-01
300           	-4.706413e-01
350           	-4.706401e-01
400           	-4.706391e-01
450           	-4.706385e-01
500           	-4.706382e-01
550           	-4.706380e-01
600           	-4.706379e-01
650           	-4.706379e-01
700           	-4.706378e-01
750           	-4.706378e-01
800           	-4.706378e-01
850           	-4.706378e-01
900           	-4.706378e-01
950           	-4.706378e-01
1000          	-4.706378e-01
1050          	-4.706378e-01
1100          	-4.706378e-01
1150          	-4.706378e-01
1200          	-4.706378e-01
1250          	-4.706378e-01
1300          	-4.706378e-01
1350          	-4.706378e-01
1400          	-4.706378e-01
1450          	-4.706378e-01
1500          	-4.706378e-01
1550          	-4.706378e-01
1600          	-4.706378e-01
1650          	-4.706378e-01
1700          	-4.706378e-01
1750          	-4.706378e-01
1800          	-4.706378e-01
1850          	-4.706378e-01
1900          	-4.706378e-01
1950          	-4.706378e-01
2000          	-4.706378e-01
2050          	-4.706378e-01
2100          	-4.706378e-01
2150          	-4.706378e-01
2200          	-4.706378e-01
2250          	-4.706378e-01
2300          	-4.706378e-01
2350          	-4.706378e-01
2400          	-4.706378e-01
2450          	-4.706378e-01
2500          	-4.706378e-01
2550          	-4.706378e-01
2600          	-4.706378e-01
2650          	-4.706378e-01
2700          	-4.706378e-01
2750          	-4.706378e-01
2800          	-4.706378e-01
2850          	-4.706378e-01
2900          	-4.706378e-01
