# Region type : patch heatedWall
# Faces         : 16200
# Area          : 1.50000000e-02
# Scale factor  : 1.00000000e+00
# Time          	areaAverage(T)
100             	7.48054338e+01
200             	7.93936019e+01
300             	8.13137287e+01
400             	8.22558900e+01
500             	8.26744577e+01
600             	8.28614825e+01
700             	8.29376894e+01
800             	8.29630400e+01
900             	8.29710836e+01
1000            	8.29731948e+01
1100            	8.29736177e+01
1200            	8.29736840e+01
1300            	8.29736926e+01
1400            	8.29736878e+01
1500            	8.29736898e+01
1600            	8.29736874e+01
1700            	8.29736831e+01
1800            	8.29736852e+01
1900            	8.29736912e+01
2000            	8.29736884e+01
2100            	8.29736879e+01
2200            	8.29736934e+01
2300            	8.29736874e+01
2400            	8.29736884e+01
2500            	8.29736821e+01
2600            	8.29736848e+01
2700            	8.29736839e+01
2800            	8.29736819e+01
2900            	8.29736792e+01
3000            	8.29736821e+01
3100            	8.29736778e+01
3200            	8.29736765e+01
3300            	8.29736794e+01
3400            	8.29736808e+01
3500            	8.29736899e+01
3600            	8.29736860e+01
3700            	8.29736870e+01
3800            	8.29736848e+01
3900            	8.29736848e+01
4000            	8.29736907e+01
4100            	8.29736902e+01
4200            	8.29736920e+01
4300            	8.29736913e+01
4400            	8.29736827e+01
4500            	8.29736844e+01
4600            	8.29736873e+01
4700            	8.29736830e+01
4800            	8.29736852e+01
4900            	8.29736842e+01
5000            	8.29736851e+01
5100            	8.29736802e+01
5200            	8.29736848e+01
5300            	8.29736831e+01
5400            	8.29736862e+01
5500            	8.29736826e+01
5600            	8.29736875e+01
5700            	8.29736788e+01
5800            	8.29736851e+01
5900            	8.29736899e+01
6000            	8.29736874e+01
6100            	8.29736919e+01
6200            	8.29736781e+01
6300            	8.29736840e+01
6400            	8.29736840e+01
6500            	8.29736835e+01
6600            	8.29736872e+01
6700            	8.29736843e+01
6800            	8.29736896e+01
6900            	8.29736831e+01
7000            	8.29736881e+01
7100            	8.29736917e+01
7200            	8.29736874e+01
7300            	8.29736905e+01
7400            	8.29736919e+01
7500            	8.29736813e+01
7600            	8.29736844e+01
7700            	8.29736801e+01
7800            	8.29736813e+01
7900            	8.29736834e+01
8000            	8.29736815e+01
8100            	8.29736845e+01
8200            	8.29736887e+01
8300            	8.29736902e+01
8400            	8.29736929e+01
8500            	8.29736907e+01
8600            	8.29736934e+01
8700            	8.29736887e+01
8800            	8.29736903e+01
8900            	8.29736828e+01
9000            	8.29736847e+01
9100            	8.29736850e+01
9200            	8.29736839e+01
9300            	8.29736779e+01
9400            	8.29736810e+01
9500            	8.29736830e+01
9600            	8.29736799e+01
9700            	8.29736882e+01
9800            	8.29736816e+01
9900            	8.29736888e+01
10000           	8.29736907e+01
