# Region type : patch heatedWall
# Faces         : 16200
# Area          : 1.50000000e-02
# Scale factor  : 1.00000000e+00
# Time          	areaAverage(T)
100             	7.04472388e+01
200             	6.77788735e+01
300             	6.75431994e+01
400             	6.75382159e+01
500             	6.75040156e+01
600             	6.74973438e+01
700             	6.74853972e+01
800             	6.74787777e+01
900             	6.74766974e+01
1000            	6.74767475e+01
1100            	6.74766630e+01
1200            	6.74744609e+01
1300            	6.74763900e+01
1400            	6.74756606e+01
1500            	6.74766370e+01
1600            	6.74761971e+01
1700            	6.74761524e+01
1800            	6.74757564e+01
1900            	6.74761714e+01
2000            	6.74762705e+01
2100            	6.74759940e+01
2200            	6.74763936e+01
2300            	6.74770158e+01
2400            	6.74757662e+01
2500            	6.74748356e+01
2600            	6.74767030e+01
2700            	6.74761065e+01
2800            	6.74757765e+01
2900            	6.74757079e+01
3000            	6.74759545e+01
3100            	6.74758457e+01
3200            	6.74754024e+01
3300            	6.74769653e+01
3400            	6.74758803e+01
3500            	6.74757230e+01
3600            	6.74762436e+01
3700            	6.74766425e+01
3800            	6.74764278e+01
3900            	6.74765579e+01
4000            	6.74762805e+01
4100            	6.74750352e+01
4200            	6.74758298e+01
4300            	6.74759587e+01
4400            	6.74761105e+01
4500            	6.74771762e+01
4600            	6.74766699e+01
4700            	6.74764566e+01
4800            	6.74756338e+01
4900            	6.74764895e+01
5000            	6.74772083e+01
5100            	6.74759168e+01
5200            	6.74763999e+01
5300            	6.74751865e+01
5400            	6.74765786e+01
5500            	6.74746128e+01
5600            	6.74750983e+01
5700            	6.74767439e+01
5800            	6.74771947e+01
5900            	6.74767667e+01
6000            	6.74763203e+01
