# Region type : patch inlet
# Faces         : 1620
# Area          : 5.00000000e-04
# Scale factor  : 1.00000000e+00
# Time          	areaAverage(p_rgh)
100             	8.32422951e-03
200             	7.21868018e-03
300             	6.97032133e-03
400             	6.91568825e-03
500             	6.90035659e-03
600             	6.89194191e-03
700             	6.88488416e-03
800             	6.88299291e-03
900             	6.88524288e-03
1000            	6.88806503e-03
1100            	6.88952572e-03
1200            	6.88996115e-03
1300            	6.89003953e-03
1400            	6.89004851e-03
1500            	6.89004937e-03
1600            	6.89004941e-03
1700            	6.89004942e-03
1800            	6.89004942e-03
1900            	6.89004942e-03
2000            	6.89004942e-03
2100            	6.89004942e-03
2200            	6.89004942e-03
2300            	6.89004942e-03
2400            	6.89004942e-03
2500            	6.89004942e-03
2600            	6.89004942e-03
2700            	6.89004942e-03
2800            	6.89004942e-03
2900            	6.89004942e-03
3000            	6.89004942e-03
3100            	6.89004942e-03
3200            	6.89004942e-03
3300            	6.89004942e-03
3400            	6.89004942e-03
3500            	6.89004942e-03
3600            	6.89004942e-03
3700            	6.89004942e-03
3800            	6.89004942e-03
3900            	6.89004942e-03
4000            	6.89004942e-03
4100            	6.89004942e-03
4200            	6.89004942e-03
4300            	6.89004942e-03
4400            	6.89004942e-03
4500            	6.89004942e-03
4600            	6.89004942e-03
4700            	6.89004942e-03
4800            	6.89004942e-03
4900            	6.89004942e-03
5000            	6.89004942e-03
5100            	6.89004942e-03
5200            	6.89004942e-03
5300            	6.89004942e-03
5400            	6.89004942e-03
5500            	6.89004942e-03
5600            	6.89004942e-03
5700            	6.89004942e-03
5800            	6.89004942e-03
5900            	6.89004942e-03
6000            	6.89004942e-03
6100            	6.89004942e-03
6200            	6.89004942e-03
6300            	6.89004942e-03
6400            	6.89004942e-03
6500            	6.89004942e-03
6600            	6.89004942e-03
6700            	6.89004942e-03
6800            	6.89004942e-03
6900            	6.89004942e-03
7000            	6.89004942e-03
7100            	6.89004942e-03
7200            	6.89004942e-03
7300            	6.89004942e-03
7400            	6.89004942e-03
7500            	6.89004942e-03
7600            	6.89004942e-03
7700            	6.89004942e-03
7800            	6.89004942e-03
7900            	6.89004942e-03
8000            	6.89004942e-03
