# Region type : patch inlet
# Faces         : 1620
# Area          : 5.00000000e-04
# Scale factor  : 1.00000000e+00
# Time          	sum(phi)
100             	-3.18000000e-04
200             	-3.18000000e-04
300             	-3.18000000e-04
400             	-3.18000000e-04
500             	-3.18000000e-04
600             	-3.18000000e-04
700             	-3.18000000e-04
800             	-3.18000000e-04
900             	-3.18000000e-04
1000            	-3.18000000e-04
1100            	-3.18000000e-04
1200            	-3.18000000e-04
1300            	-3.18000000e-04
1400            	-3.18000000e-04
1500            	-3.18000000e-04
1600            	-3.18000000e-04
1700            	-3.18000000e-04
1800            	-3.18000000e-04
1900            	-3.18000000e-04
2000            	-3.18000000e-04
2100            	-3.18000000e-04
2200            	-3.18000000e-04
2300            	-3.18000000e-04
2400            	-3.18000000e-04
2500            	-3.18000000e-04
2600            	-3.18000000e-04
2700            	-3.18000000e-04
2800            	-3.18000000e-04
2900            	-3.18000000e-04
3000            	-3.18000000e-04
3100            	-3.18000000e-04
3200            	-3.18000000e-04
3300            	-3.18000000e-04
3400            	-3.18000000e-04
3500            	-3.18000000e-04
3600            	-3.18000000e-04
3700            	-3.18000000e-04
3800            	-3.18000000e-04
3900            	-3.18000000e-04
4000            	-3.18000000e-04
4100            	-3.18000000e-04
4200            	-3.18000000e-04
4300            	-3.18000000e-04
4400            	-3.18000000e-04
4500            	-3.18000000e-04
4600            	-3.18000000e-04
4700            	-3.18000000e-04
4800            	-3.18000000e-04
4900            	-3.18000000e-04
5000            	-3.18000000e-04
5100            	-3.18000000e-04
5200            	-3.18000000e-04
5300            	-3.18000000e-04
5400            	-3.18000000e-04
5500            	-3.18000000e-04
5600            	-3.18000000e-04
5700            	-3.18000000e-04
5800            	-3.18000000e-04
5900            	-3.18000000e-04
6000            	-3.18000000e-04
