# Region type : patch heatedWall
# Faces         : 16200
# Area          : 1.50000000e-02
# Scale factor  : 1.00000000e+00
# Time          	areaAverage(T)
100             	6.47828371e+01
200             	6.59677914e+01
300             	6.63928769e+01
400             	6.66932842e+01
500             	6.69090211e+01
600             	6.70212676e+01
700             	6.70551333e+01
800             	6.70537572e+01
900             	6.70532610e+01
1000            	6.70512457e+01
1100            	6.70508558e+01
1200            	6.70510081e+01
1300            	6.70510445e+01
1400            	6.70511745e+01
1500            	6.70512718e+01
1600            	6.70513162e+01
1700            	6.70513153e+01
1800            	6.70512373e+01
1900            	6.70512379e+01
2000            	6.70513282e+01
2100            	6.70513600e+01
2200            	6.70513069e+01
2300            	6.70513284e+01
2400            	6.70512038e+01
2500            	6.70512005e+01
2600            	6.70512109e+01
2700            	6.70511759e+01
2800            	6.70512630e+01
2900            	6.70512457e+01
3000            	6.70512368e+01
3100            	6.70513331e+01
3200            	6.70511465e+01
3300            	6.70511412e+01
3400            	6.70511614e+01
3500            	6.70512409e+01
3600            	6.70512010e+01
3700            	6.70511723e+01
3800            	6.70511432e+01
3900            	6.70512077e+01
4000            	6.70511532e+01
4100            	6.70511427e+01
4200            	6.70512080e+01
4300            	6.70512073e+01
4400            	6.70511236e+01
4500            	6.70510839e+01
4600            	6.70510646e+01
4700            	6.70511822e+01
4800            	6.70511089e+01
4900            	6.70511041e+01
5000            	6.70511559e+01
5100            	6.70511137e+01
5200            	6.70511403e+01
5300            	6.70511017e+01
5400            	6.70511310e+01
5500            	6.70511270e+01
5600            	6.70511726e+01
5700            	6.70510896e+01
5800            	6.70511229e+01
5900            	6.70511728e+01
6000            	6.70510664e+01
