# Region type : patch outlet
# Faces         : 1620
# Area          : 5.00000000e-04
# Scale factor  : 1.00000000e+00
# Time          	areaAverage(T)
100             	5.66651322e+01
200             	6.00283399e+01
300             	6.05583497e+01
400             	6.10462200e+01
500             	6.14677033e+01
600             	6.17036166e+01
700             	6.18382813e+01
800             	6.18826559e+01
900             	6.18969406e+01
1000            	6.19011786e+01
1100            	6.19022892e+01
1200            	6.19023640e+01
1300            	6.19024258e+01
1400            	6.19023337e+01
1500            	6.19021611e+01
1600            	6.19022349e+01
1700            	6.19024572e+01
1800            	6.19022394e+01
1900            	6.19021744e+01
2000            	6.19022061e+01
2100            	6.19022004e+01
2200            	6.19023269e+01
2300            	6.19022132e+01
2400            	6.19024376e+01
2500            	6.19023919e+01
2600            	6.19024516e+01
2700            	6.19024612e+01
2800            	6.19023376e+01
2900            	6.19023024e+01
3000            	6.19024360e+01
3100            	6.19022680e+01
3200            	6.19023254e+01
3300            	6.19021890e+01
3400            	6.19021992e+01
3500            	6.19021789e+01
3600            	6.19023290e+01
3700            	6.19021648e+01
3800            	6.19022096e+01
3900            	6.19022816e+01
4000            	6.19022780e+01
4100            	6.19022510e+01
4200            	6.19022816e+01
4300            	6.19023335e+01
4400            	6.19024787e+01
4500            	6.19022738e+01
4600            	6.19023135e+01
4700            	6.19024560e+01
4800            	6.19025137e+01
4900            	6.19024865e+01
5000            	6.19023339e+01
5100            	6.19024491e+01
5200            	6.19022700e+01
5300            	6.19023870e+01
5400            	6.19024897e+01
5500            	6.19022644e+01
5600            	6.19023282e+01
5700            	6.19024349e+01
5800            	6.19022793e+01
5900            	6.19024012e+01
6000            	6.19025326e+01
