# Region type : patch heatedWall
# Faces         : 16200
# Area          : 1.50000000e-02
# Scale factor  : 1.00000000e+00
# Time          	areaAverage(T)
100             	6.81289189e+01
200             	7.01058592e+01
300             	7.08547080e+01
400             	7.12630245e+01
500             	7.15021117e+01
600             	7.16238206e+01
700             	7.16611393e+01
800             	7.16613898e+01
900             	7.16624390e+01
1000            	7.16623066e+01
1100            	7.16622699e+01
1200            	7.16622769e+01
1300            	7.16622779e+01
1400            	7.16622759e+01
1500            	7.16622777e+01
1600            	7.16622733e+01
1700            	7.16622728e+01
1800            	7.16622708e+01
1900            	7.16622692e+01
2000            	7.16622686e+01
2100            	7.16622699e+01
2200            	7.16622707e+01
2300            	7.16622713e+01
2400            	7.16622746e+01
2500            	7.16622772e+01
2600            	7.16622788e+01
2700            	7.16622790e+01
2800            	7.16622763e+01
2900            	7.16622747e+01
3000            	7.16622750e+01
3100            	7.16622743e+01
3200            	7.16622690e+01
3300            	7.16622701e+01
3400            	7.16622699e+01
3500            	7.16622709e+01
3600            	7.16622715e+01
3700            	7.16622695e+01
3800            	7.16622678e+01
3900            	7.16622709e+01
4000            	7.16622719e+01
4100            	7.16622709e+01
4200            	7.16622699e+01
4300            	7.16622692e+01
4400            	7.16622693e+01
4500            	7.16622696e+01
4600            	7.16622669e+01
4700            	7.16622690e+01
4800            	7.16622734e+01
4900            	7.16622751e+01
5000            	7.16622758e+01
5100            	7.16622752e+01
5200            	7.16622712e+01
5300            	7.16622712e+01
5400            	7.16622737e+01
5500            	7.16622729e+01
5600            	7.16622745e+01
5700            	7.16622735e+01
5800            	7.16622735e+01
5900            	7.16622731e+01
6000            	7.16622734e+01
