# Region type : patch heatedWall
# Faces         : 16200
# Area          : 1.50000000e-02
# Scale factor  : 1.00000000e+00
# Time          	areaAverage(T)
6100            	6.57602413e+01
6200            	6.58559580e+01
6300            	6.59426515e+01
6400            	6.59891223e+01
6500            	6.60116922e+01
6600            	6.60235936e+01
6700            	6.60295337e+01
6800            	6.60343525e+01
6900            	6.60344304e+01
7000            	6.60345268e+01
7100            	6.60342886e+01
7200            	6.60342440e+01
7300            	6.60341956e+01
7400            	6.60342616e+01
7500            	6.60343267e+01
7600            	6.60342623e+01
7700            	6.60343300e+01
7800            	6.60343434e+01
7900            	6.60343483e+01
8000            	6.60342458e+01
8100            	6.60343206e+01
8200            	6.60342468e+01
8300            	6.60342896e+01
8400            	6.60343494e+01
8500            	6.60342952e+01
8600            	6.60343610e+01
8700            	6.60341622e+01
8800            	6.60343120e+01
8900            	6.60341865e+01
9000            	6.60342011e+01
9100            	6.60342715e+01
9200            	6.60341620e+01
9300            	6.60343333e+01
9400            	6.60341332e+01
9500            	6.60342729e+01
9600            	6.60342761e+01
9700            	6.60341678e+01
9800            	6.60344028e+01
9900            	6.60341491e+01
10000           	6.60343499e+01
