0.0005 	77.039641
0.0015 	77.127531
0.0025 	77.225274
0.0035 	77.328963
0.0045 	77.416867
0.0055 	77.526972
0.0065 	77.622486
0.0075 	77.723469
0.0085 	77.823717
0.0095 	77.911298
0.0105 	78.004352
0.0115 	78.089825
0.0125 	78.174353
0.0135 	78.257981
0.0145 	78.334335
0.0155 	78.412293
0.0165 	78.486011
0.0175 	78.558184
0.0185 	78.629653
0.0195 	78.696519
0.0205 	78.763875
0.0215 	78.828535
0.0225 	78.891801
0.0235 	78.954533
0.0245 	79.014081
0.0255 	79.073774
0.0265 	79.131592
0.0275 	79.188271
0.0285 	79.244543
0.0295 	79.298471
0.0305 	79.352423
0.0315 	79.404983
0.0325 	79.456623
0.0335 	79.507941
0.0345 	79.557457
0.0355 	79.606951
0.0365 	79.655369
0.0375 	79.703032
0.0385 	79.750435
0.0395 	79.796404
0.0405 	79.842331
0.0415 	79.887393
0.0425 	79.931823
0.0435 	79.976038
0.0445 	80.019076
0.0455 	80.062067
0.0465 	80.104346
0.0475 	80.14609
0.0485 	80.187653
0.0495 	80.228229
0.0505 	80.268758
0.0515 	80.308687
0.0525 	80.348156
0.0535 	80.387471
0.0545 	80.425943
0.0555 	80.464368
0.0565 	80.50228
0.0575 	80.53979
0.0585 	80.577166
0.0595 	80.61381
0.0605 	80.65041
0.0615 	80.686564
0.0625 	80.722363
0.0635 	80.758044
0.0645 	80.793082
0.0655 	80.828079
0.0665 	80.862682
0.0675 	80.89697
0.0685 	80.931153
0.0695 	80.964766
0.0705 	80.998341
0.0715 	81.031565
0.0725 	81.064507
0.0735 	81.097354
0.0745 	81.129692
0.0755 	81.161992
0.0765 	81.193978
0.0775 	81.225708
0.0785 	81.257352
0.0795 	81.288536
0.0805 	81.319684
0.0815 	81.350549
0.0825 	81.381179
0.0835 	81.411731
0.0845 	81.441865
0.0855 	81.471965
0.0865 	81.501807
0.0875 	81.531434
0.0885 	81.56099
0.0895 	81.590163
0.0905 	81.619304
0.0915 	81.648209
0.0925 	81.676915
0.0935 	81.705555
0.0945 	81.733844
0.0955 	81.762102
0.0965 	81.790142
0.0975 	81.817998
0.0985 	81.845793
0.0995 	81.873263
0.1005 	81.900703
0.1015 	81.927943
0.1025 	81.955011
0.1035 	81.982022
0.1045 	82.008732
0.1055 	82.035413
0.1065 	82.061908
0.1075 	82.088243
0.1085 	82.114524
0.1095 	82.140526
0.1105 	82.1665
0.1115 	82.192301
0.1125 	82.217952
0.1135 	82.243554
0.1145 	82.268893
0.1155 	82.294207
0.1165 	82.319359
0.1175 	82.34437
0.1185 	82.369334
0.1195 	82.394054
0.1205 	82.418748
0.1215 	82.443291
0.1225 	82.467702
0.1235 	82.492068
0.1245 	82.516205
0.1255 	82.540317
0.1265 	82.564288
0.1275 	82.588133
0.1285 	82.611936
0.1295 	82.635523
0.1305 	82.659088
0.1315 	82.682518
0.1325 	82.70583
0.1335 	82.729102
0.1345 	82.752171
0.1355 	82.775217
0.1365 	82.798137
0.1375 	82.820945
0.1385 	82.843715
0.1395 	82.866293
0.1405 	82.888849
0.1415 	82.911286
0.1425 	82.933617
0.1435 	82.955911
0.1445 	82.978024
0.1455 	83.000116
0.1465 	83.022095
0.1475 	83.043972
0.1485 	83.065816
0.1495 	83.087487
0.1505 	83.109137
0.1515 	83.130681
0.1525 	83.152128
0.1535 	83.173543
0.1545 	83.194794
0.1555 	83.216026
0.1565 	83.237155
0.1575 	83.258193
0.1585 	83.2792
0.1595 	83.300051
0.1605 	83.320883
0.1615 	83.341619
0.1625 	83.362267
0.1635 	83.382885
0.1645 	83.403355
0.1655 	83.423806
0.1665 	83.444165
0.1675 	83.464441
0.1685 	83.484688
0.1695 	83.504793
0.1705 	83.524881
0.1715 	83.544881
0.1725 	83.5648
0.1735 	83.584693
0.1745 	83.60445
0.1755 	83.62419
0.1765 	83.643846
0.1775 	83.663425
0.1785 	83.682978
0.1795 	83.702402
0.1805 	83.721809
0.1815 	83.741135
0.1825 	83.760388
0.1835 	83.779616
0.1845 	83.79872
0.1855 	83.817807
0.1865 	83.836818
0.1875 	83.855758
0.1885 	83.874673
0.1895 	83.89347
0.1905 	83.912252
0.1915 	83.930959
0.1925 	83.949598
0.1935 	83.968215
0.1945 	83.986717
0.1955 	84.005204
0.1965 	84.02362
0.1975 	84.04197
0.1985 	84.060298
0.1995 	84.078517
0.2005 	84.096721
0.2015 	84.114857
0.2025 	84.132929
0.2035 	84.15098
0.2045 	84.168926
0.2055 	84.186857
0.2065 	84.204723
0.2075 	84.222528
0.2085 	84.240312
0.2095 	84.257995
0.2105 	84.275663
0.2115 	84.293269
0.2125 	84.310816
0.2135 	84.328343
0.2145 	84.345773
0.2155 	84.363188
0.2165 	84.380544
0.2175 	84.397842
0.2185 	84.41512
0.2195 	84.432305
0.2205 	84.449477
0.2215 	84.46659
0.2225 	84.483648
0.2235 	84.500686
0.2245 	84.517635
0.2255 	84.534571
0.2265 	84.55145
0.2275 	84.568276
0.2285 	84.585083
0.2295 	84.601804
0.2305 	84.618511
0.2315 	84.635164
0.2325 	84.651765
0.2335 	84.668349
0.2345 	84.684849
0.2355 	84.701335
0.2365 	84.717769
0.2375 	84.734153
0.2385 	84.75052
0.2395 	84.766806
0.2405 	84.783079
0.2415 	84.799302
0.2425 	84.815476
0.2435 	84.831633
0.2445 	84.847712
0.2455 	84.863778
0.2465 	84.879795
0.2475 	84.895765
0.2485 	84.911719
0.2495 	84.927597
0.2505 	84.943462
0.2515 	84.959281
0.2525 	84.975053
0.2535 	84.990809
0.2545 	85.006493
0.2555 	85.022163
0.2565 	85.037788
0.2575 	85.053369
0.2585 	85.068933
0.2595 	85.084428
0.2605 	85.099909
0.2615 	85.115347
0.2625 	85.130741
0.2635 	85.146119
0.2645 	85.16143
0.2655 	85.176728
0.2665 	85.191983
0.2675 	85.207196
0.2685 	85.222393
0.2695 	85.237525
0.2705 	85.252644
0.2715 	85.267722
0.2725 	85.282758
0.2735 	85.29778
0.2745 	85.312737
0.2755 	85.327682
0.2765 	85.342588
0.2775 	85.357452
0.2785 	85.372302
0.2795 	85.38709
0.2805 	85.401866
0.2815 	85.416603
0.2825 	85.4313
0.2835 	85.445984
0.2845 	85.460606
0.2855 	85.475217
0.2865 	85.489789
0.2875 	85.504323
0.2885 	85.518844
0.2895 	85.533305
0.2905 	85.547754
0.2915 	85.562166
0.2925 	85.57654
0.2935 	85.5909
0.2945 	85.605199
0.2955 	85.619488
0.2965 	85.633743
0.2975 	85.647855
0.2985 	85.660967
0.2995 	85.669261
