# Region type : patch outlet
# Faces         : 1620
# Area          : 5.00000000e-04
# Scale factor  : 1.00000000e+00
# Time          	areaAverage(T)
100             	5.24894914e+01
200             	5.33219221e+01
300             	5.01380971e+01
400             	4.97974852e+01
500             	4.97331747e+01
600             	4.97379922e+01
700             	4.97128685e+01
800             	4.96766438e+01
900             	4.96845191e+01
1000            	4.96767344e+01
1100            	4.96674286e+01
1200            	4.97169874e+01
1300            	4.97058011e+01
1400            	4.96971064e+01
1500            	4.96829257e+01
1600            	4.96993754e+01
1700            	4.97002675e+01
1800            	4.97018188e+01
1900            	4.97151790e+01
2000            	4.96963369e+01
2100            	4.97104183e+01
2200            	4.97016481e+01
2300            	4.97073844e+01
2400            	4.96946784e+01
2500            	4.97048775e+01
2600            	4.96996924e+01
2700            	4.96948168e+01
2800            	4.96665248e+01
2900            	4.96994575e+01
3000            	4.96821472e+01
3100            	4.97063009e+01
3200            	4.96983592e+01
3300            	4.96955838e+01
3400            	4.97152410e+01
3500            	4.96695534e+01
3600            	4.97046267e+01
3700            	4.96838931e+01
3800            	4.96964226e+01
3900            	4.97059775e+01
4000            	4.97077518e+01
4100            	4.97189089e+01
4200            	4.96765954e+01
4300            	4.97078940e+01
4400            	4.96850750e+01
4500            	4.96844504e+01
4600            	4.96913769e+01
4700            	4.97034904e+01
4800            	4.97033019e+01
4900            	4.97078622e+01
5000            	4.97054995e+01
5100            	4.96937820e+01
5200            	4.96963030e+01
5300            	4.96923849e+01
5400            	4.96831227e+01
5500            	4.96993983e+01
5600            	4.96766913e+01
5700            	4.96928527e+01
5800            	4.96964447e+01
5900            	4.96862407e+01
6000            	4.96939832e+01
6100            	4.97075999e+01
6200            	4.96826134e+01
6300            	4.97056021e+01
6400            	4.97054373e+01
6500            	4.96794301e+01
6600            	4.96867682e+01
6700            	4.97006585e+01
6800            	4.96988856e+01
6900            	4.96865982e+01
7000            	4.96803823e+01
7100            	4.96789336e+01
7200            	4.97193440e+01
7300            	4.97117962e+01
7400            	4.96936054e+01
7500            	4.97066085e+01
7600            	4.97147896e+01
7700            	4.96864834e+01
7800            	4.96837172e+01
7900            	4.96897296e+01
8000            	4.96929876e+01
8100            	4.96904530e+01
8200            	4.96718275e+01
8300            	4.96852505e+01
8400            	4.96990100e+01
8500            	4.96864472e+01
8600            	4.97093467e+01
8700            	4.96874074e+01
8800            	4.96827861e+01
8900            	4.96867419e+01
9000            	4.96957631e+01
9100            	4.96987426e+01
9200            	4.96872707e+01
9300            	4.97039935e+01
9400            	4.96858791e+01
9500            	4.97197035e+01
9600            	4.96842181e+01
9700            	4.96708228e+01
9800            	4.97041162e+01
9900            	4.96923289e+01
10000           	4.97018671e+01
