# Region type : patch outlet
# Faces         : 1620
# Area          : 5.00000000e-04
# Scale factor  : 1.00000000e+00
# Time          	areaAverage(T)
100             	5.77362339e+01
200             	6.01290275e+01
300             	6.04373462e+01
400             	5.98587549e+01
500             	5.99593576e+01
600             	5.98495550e+01
700             	5.98636523e+01
800             	5.99646344e+01
900             	5.99531250e+01
1000            	5.99149874e+01
1100            	5.99579445e+01
1200            	5.98499195e+01
1300            	5.99462166e+01
1400            	5.98606987e+01
1500            	5.99456266e+01
1600            	5.99334775e+01
1700            	5.98256919e+01
1800            	5.98426383e+01
1900            	6.00146662e+01
2000            	5.98616811e+01
2100            	6.00164224e+01
2200            	5.99419589e+01
2300            	5.98621035e+01
2400            	5.97979908e+01
2500            	5.99055262e+01
2600            	5.99016883e+01
2700            	5.98734211e+01
2800            	5.99584408e+01
2900            	5.99853998e+01
3000            	5.98545108e+01
3100            	5.99968492e+01
3200            	5.98432998e+01
3300            	5.98683616e+01
3400            	5.99167060e+01
3500            	5.99211954e+01
3600            	5.98490224e+01
3700            	5.97736456e+01
3800            	5.98282566e+01
3900            	6.00251966e+01
4000            	5.99235947e+01
4100            	5.99872794e+01
4200            	5.99076177e+01
4300            	5.99786970e+01
4400            	5.98354519e+01
4500            	6.00278463e+01
4600            	5.98000740e+01
4700            	6.00282028e+01
4800            	5.97980771e+01
4900            	5.98882154e+01
5000            	5.98568375e+01
5100            	5.99215882e+01
5200            	5.98785431e+01
5300            	5.98928284e+01
5400            	5.99274225e+01
5500            	5.98868793e+01
5600            	5.98644622e+01
5700            	6.00659065e+01
5800            	5.99542613e+01
5900            	5.99224216e+01
6000            	5.98609052e+01
