# Region type : patch outlet
# Faces         : 1620
# Area          : 5.00000000e-04
# Scale factor  : 1.00000000e+00
# Time          	areaAverage(T)
100             	5.22596370e+01
200             	5.29709309e+01
300             	4.95691229e+01
400             	4.94735701e+01
500             	4.96004976e+01
600             	4.97294375e+01
700             	4.98313098e+01
800             	4.98624064e+01
900             	4.99036567e+01
1000            	4.98543282e+01
1100            	4.98551605e+01
1200            	4.98523193e+01
1300            	4.98512668e+01
1400            	4.98481416e+01
1500            	4.98493840e+01
1600            	4.98503136e+01
1700            	4.98500919e+01
1800            	4.98496182e+01
1900            	4.98504025e+01
2000            	4.98500577e+01
2100            	4.98518202e+01
2200            	4.98497952e+01
2300            	4.98500697e+01
2400            	4.98510122e+01
2500            	4.98515884e+01
2600            	4.98485156e+01
2700            	4.98495367e+01
2800            	4.98487605e+01
2900            	4.98501576e+01
3000            	4.98506638e+01
3100            	4.98522237e+01
3200            	4.98508535e+01
3300            	4.98483558e+01
3400            	4.98484268e+01
3500            	4.98513880e+01
3600            	4.98519636e+01
3700            	4.98489138e+01
3800            	4.98488151e+01
3900            	4.98490184e+01
4000            	4.98501463e+01
4100            	4.98524540e+01
4200            	4.98490548e+01
4300            	4.98501307e+01
4400            	4.98489769e+01
4500            	4.98494212e+01
4600            	4.98483248e+01
4700            	4.98495677e+01
4800            	4.98493009e+01
4900            	4.98504584e+01
5000            	4.98492541e+01
5100            	4.98493998e+01
5200            	4.98509195e+01
5300            	4.98503448e+01
5400            	4.98484358e+01
5500            	4.98495685e+01
5600            	4.98488106e+01
5700            	4.98499367e+01
5800            	4.98500733e+01
5900            	4.98494221e+01
6000            	4.98498897e+01
