# Region type : patch outlet
# Faces         : 1620
# Area          : 5.00000000e-04
# Scale factor  : 1.00000000e+00
# Time          	areaAverage(T)
100             	5.42943692e+01
200             	5.60126219e+01
300             	5.41432971e+01
400             	5.42174955e+01
500             	5.44022194e+01
600             	5.45719623e+01
700             	5.47077109e+01
800             	5.47328400e+01
900             	5.47407050e+01
1000            	5.47415036e+01
1100            	5.47416216e+01
1200            	5.47415887e+01
1300            	5.47416494e+01
1400            	5.47414600e+01
1500            	5.47415710e+01
1600            	5.47414458e+01
1700            	5.47415721e+01
1800            	5.47415324e+01
1900            	5.47415326e+01
2000            	5.47415606e+01
2100            	5.47416239e+01
2200            	5.47415604e+01
2300            	5.47414867e+01
2400            	5.47415544e+01
2500            	5.47415839e+01
2600            	5.47415502e+01
2700            	5.47416455e+01
2800            	5.47414868e+01
2900            	5.47416608e+01
3000            	5.47416335e+01
3100            	5.47416441e+01
3200            	5.47415304e+01
3300            	5.47415244e+01
3400            	5.47415876e+01
3500            	5.47415611e+01
3600            	5.47414139e+01
3700            	5.47414948e+01
3800            	5.47415463e+01
3900            	5.47416103e+01
4000            	5.47415524e+01
4100            	5.47416744e+01
4200            	5.47415965e+01
4300            	5.47416151e+01
4400            	5.47414979e+01
4500            	5.47416002e+01
4600            	5.47415586e+01
4700            	5.47414997e+01
4800            	5.47415230e+01
4900            	5.47415961e+01
5000            	5.47414479e+01
5100            	5.47415478e+01
5200            	5.47415440e+01
5300            	5.47414550e+01
5400            	5.47417134e+01
5500            	5.47415120e+01
5600            	5.47414408e+01
5700            	5.47415033e+01
5800            	5.47415385e+01
5900            	5.47416034e+01
6000            	5.47415345e+01
