# Region type : patch warmPlate
# Faces       : 1346
# Area        : 2.432699e-01
# Scale factor: 1.000000e+00
# Time        	areaIntegrate(wallHeatFlux)
50            	4.456991e+00
100           	4.456985e+00
150           	4.456983e+00
200           	4.456982e+00
250           	4.456981e+00
300           	4.456980e+00
350           	4.456980e+00
400           	4.456980e+00
450           	4.456979e+00
500           	4.456979e+00
550           	4.456979e+00
600           	4.456979e+00
650           	4.456979e+00
700           	4.456979e+00
750           	4.456979e+00
800           	4.456979e+00
850           	4.456979e+00
900           	4.456979e+00
950           	4.456979e+00
1000          	4.456979e+00
1050          	4.456979e+00
1100          	4.456979e+00
1150          	4.456979e+00
1200          	4.456979e+00
1250          	4.456979e+00
1300          	4.456979e+00
1350          	4.456979e+00
1400          	4.456979e+00
1450          	4.456979e+00
1500          	4.456979e+00
1550          	4.456979e+00
1600          	4.456979e+00
1650          	4.456979e+00
1700          	4.456979e+00
1750          	4.456979e+00
1800          	4.456979e+00
1850          	4.456979e+00
1900          	4.456979e+00
1950          	4.456979e+00
2000          	4.456979e+00
2050          	4.456979e+00
2100          	4.456979e+00
2150          	4.456979e+00
2200          	4.456979e+00
2250          	4.456979e+00
2300          	4.456979e+00
2350          	4.456979e+00
2400          	4.456979e+00
2450          	4.456979e+00
2500          	4.456979e+00
2550          	4.456979e+00
2600          	4.456979e+00
2650          	4.456979e+00
2700          	4.456979e+00
2750          	4.456979e+00
2800          	4.456979e+00
2850          	4.456979e+00
2900          	4.456979e+00
