# Region type : patch shield
# Faces       : 3456
# Area        : 3.028886e-01
# Scale factor: 1.000000e+00
# Time        	areaIntegrate(wallHeatFlux)
50            	-1.267968e-03
100           	-1.270548e-03
150           	-1.271834e-03
200           	-1.272594e-03
250           	-1.273090e-03
300           	-1.273430e-03
350           	-1.273673e-03
400           	-1.273850e-03
450           	-1.273981e-03
500           	-1.274078e-03
550           	-1.274152e-03
600           	-1.274208e-03
650           	-1.274250e-03
700           	-1.274282e-03
750           	-1.274307e-03
800           	-1.274326e-03
850           	-1.274340e-03
900           	-1.274352e-03
950           	-1.274360e-03
1000          	-1.274367e-03
1050          	-1.274372e-03
1100          	-1.274376e-03
1150          	-1.274379e-03
1200          	-1.274381e-03
1250          	-1.274383e-03
1300          	-1.274384e-03
1350          	-1.274385e-03
1400          	-1.274386e-03
1450          	-1.274387e-03
1500          	-1.274387e-03
1550          	-1.274388e-03
1600          	-1.274388e-03
1650          	-1.274388e-03
1700          	-1.274388e-03
1750          	-1.274389e-03
1800          	-1.274389e-03
1850          	-1.274389e-03
1900          	-1.274389e-03
1950          	-1.274389e-03
2000          	-1.274389e-03
2050          	-1.274389e-03
2100          	-1.274389e-03
2150          	-1.274389e-03
2200          	-1.274389e-03
2250          	-1.274389e-03
2300          	-1.274389e-03
2350          	-1.274389e-03
2400          	-1.274389e-03
2450          	-1.274389e-03
2500          	-1.274389e-03
2550          	-1.274389e-03
2600          	-1.274389e-03
2650          	-1.274389e-03
2700          	-1.274389e-03
2750          	-1.274389e-03
2800          	-1.274389e-03
2850          	-1.274389e-03
2900          	-1.274389e-03
2950          	-1.274389e-03
3000          	-1.274389e-03
3050          	-1.274389e-03
3100          	-1.274389e-03
3150          	-1.274389e-03
3200          	-1.274389e-03
3250          	-1.274389e-03
3300          	-1.274389e-03
3350          	-1.274389e-03
3400          	-1.274389e-03
3450          	-1.274389e-03
3500          	-1.274389e-03
3550          	-1.274389e-03
3600          	-1.274389e-03
3650          	-1.274389e-03
3700          	-1.274389e-03
3750          	-1.274389e-03
3800          	-1.274389e-03
