# Region type : patch shield
# Faces       : 3456
# Area        : 3.028886e-01
# Scale factor: 1.000000e+00
# Time        	areaIntegrate(wallHeatFlux)
50            	-1.472928e-03
100           	-1.476106e-03
150           	-1.458635e-03
200           	-1.450865e-03
250           	-1.447021e-03
300           	-1.444911e-03
350           	-1.444212e-03
400           	-1.444299e-03
450           	-1.444339e-03
500           	-1.444187e-03
550           	-1.444163e-03
600           	-1.444206e-03
650           	-1.444228e-03
700           	-1.444237e-03
750           	-1.444196e-03
800           	-1.444145e-03
850           	-1.444168e-03
900           	-1.444214e-03
950           	-1.444221e-03
1000          	-1.444205e-03
1050          	-1.444202e-03
1100          	-1.444216e-03
1150          	-1.444241e-03
1200          	-1.444258e-03
1250          	-1.444262e-03
1300          	-1.444263e-03
1350          	-1.444274e-03
1400          	-1.444291e-03
1450          	-1.444305e-03
1500          	-1.444312e-03
1550          	-1.444319e-03
1600          	-1.444329e-03
1650          	-1.444342e-03
1700          	-1.444354e-03
1750          	-1.444364e-03
1800          	-1.444373e-03
1850          	-1.444383e-03
1900          	-1.444395e-03
1950          	-1.444406e-03
2000          	-1.444418e-03
