0 	55.159566
5.0251256e-05 	54.497135
0.00010050251 	53.834703
0.00015075377 	53.172271
0.00020100503 	52.541993
0.00025125628 	52.079369
0.00030150754 	51.616746
0.00035175879 	51.154122
0.00040201005 	50.691498
0.00045226131 	50.295915
0.00050251256 	50.020499
0.00055276382 	49.745084
0.00060301508 	49.469669
0.00065326633 	49.194254
0.00070351759 	48.918839
0.00075376884 	48.683277
0.0008040201 	48.52185
0.00085427136 	48.360423
0.00090452261 	48.198996
0.00095477387 	48.037569
0.0010050251 	47.876142
0.0010552764 	47.714715
0.0011055276 	47.553288
0.0011557789 	47.441143
0.0012060302 	47.338892
0.0012562814 	47.236641
0.0013065327 	47.13439
0.0013567839 	47.032138
0.0014070352 	46.929887
0.0014572864 	46.827636
0.0015075377 	46.725385
0.0015577889 	46.623134
0.0016080402 	46.537445
0.0016582915 	46.473798
0.0017085427 	46.410152
0.001758794 	46.346506
0.0018090452 	46.28286
0.0018592965 	46.219213
0.0019095477 	46.155567
0.001959799 	46.091921
0.0020100503 	46.028275
0.0020603015 	45.964628
0.0021105528 	45.900982
0.002160804 	45.837336
0.0022110553 	45.794101
0.0022613065 	45.761168
0.0023115578 	45.728235
0.002361809 	45.695302
0.0024120603 	45.662369
0.0024623116 	45.629436
0.0025125628 	45.596503
0.0025628141 	45.56357
0.0026130653 	45.530637
0.0026633166 	45.497704
0.0027135678 	45.464772
0.0027638191 	45.431839
0.0028140704 	45.398906
0.0028643216 	45.365973
0.0029145729 	45.33304
0.0029648241 	45.319624
0.0030150754 	45.307305
0.0030653266 	45.294985
0.0031155779 	45.282665
0.0031658291 	45.270345
0.0032160804 	45.258026
0.0032663317 	45.245706
0.0033165829 	45.233386
0.0033668342 	45.221066
0.0034170854 	45.208747
0.0034673367 	45.196427
0.0035175879 	45.184107
0.0035678392 	45.171787
0.0036180905 	45.159468
0.0036683417 	45.147148
0.003718593 	45.134828
0.0037688442 	45.122509
0.0038190955 	45.110189
0.0038693467 	45.102648
0.003919598 	45.099269
0.0039698492 	45.09589
0.0040201005 	45.092511
0.0040703518 	45.089132
0.004120603 	45.085752
0.0041708543 	45.082373
0.0042211055 	45.078994
0.0042713568 	45.075615
0.004321608 	45.072236
0.0043718593 	45.068857
0.0044221106 	45.065478
0.0044723618 	45.062099
0.0045226131 	45.05872
0.0045728643 	45.055341
0.0046231156 	45.051962
0.0046733668 	45.048583
0.0047236181 	45.045204
0.0047738693 	45.041825
0.0048241206 	45.038446
0.0048743719 	45.035067
0.0049246231 	45.031688
0.0049748744 	45.028309
0.0050251256 	45.026173
0.0050753769 	45.025281
0.0051256281 	45.024389
0.0051758794 	45.023497
0.0052261307 	45.022605
0.0052763819 	45.021713
0.0053266332 	45.020821
0.0053768844 	45.019929
0.0054271357 	45.019037
0.0054773869 	45.018145
0.0055276382 	45.017253
0.0055778894 	45.016361
0.0056281407 	45.015469
0.005678392 	45.014577
0.0057286432 	45.013685
0.0057788945 	45.012793
0.0058291457 	45.011901
0.005879397 	45.011009
0.0059296482 	45.010117
0.0059798995 	45.009225
0.0060301508 	45.008332
0.006080402 	45.00744
0.0061306533 	45.006548
0.0061809045 	45.00595
0.0062311558 	45.00569
0.006281407 	45.005429
0.0063316583 	45.005168
0.0063819095 	45.004908
0.0064321608 	45.004647
0.0064824121 	45.004387
0.0065326633 	45.004126
0.0065829146 	45.003865
0.0066331658 	45.003605
0.0066834171 	45.003344
0.0067336683 	45.003084
0.0067839196 	45.002823
0.0068341709 	45.002562
0.0068844221 	45.002302
0.0069346734 	45.002041
0.0069849246 	45.001781
0.0070351759 	45.00152
0.0070854271 	45.001269
0.0071356784 	45.001194
0.0071859296 	45.001118
0.0072361809 	45.001042
0.0072864322 	45.000967
0.0073366834 	45.000891
0.0073869347 	45.000815
0.0074371859 	45.00074
0.0074874372 	45.000664
0.0075376884 	45.000589
0.0075879397 	45.000513
0.007638191 	45.000437
0.0076884422 	45.000362
0.0077386935 	45.000286
0.0077889447 	45.000211
0.007839196 	45.000154
0.0078894472 	45.000134
0.0079396985 	45.000115
0.0079899497 	45.000096
0.008040201 	45.000076
0.0080904523 	45.000057
0.0081407035 	45.000037
0.0081909548 	45.000018
0.008241206 	44.999998
0.0082914573 	44.999979
0.0083417085 	44.99996
0.0083919598 	44.99994
0.0084422111 	44.999929
0.0084924623 	44.999925
0.0085427136 	44.999921
0.0085929648 	44.999917
0.0086432161 	44.999912
0.0086934673 	44.999908
0.0087437186 	44.999904
0.0087939698 	44.9999
0.0088442211 	44.999896
0.0088944724 	44.999892
0.0089447236 	44.999892
0.0089949749 	44.999891
0.0090452261 	44.999891
0.0090954774 	44.99989
0.0091457286 	44.99989
0.0091959799 	44.99989
0.0092462312 	44.999889
0.0092964824 	44.99989
0.0093467337 	44.99989
0.0093969849 	44.999891
0.0094472362 	44.999892
0.0094974874 	44.999892
0.0095477387 	44.999893
0.0095979899 	44.999894
0.0096482412 	44.999895
0.0096984925 	44.999895
0.0097487437 	44.999896
0.009798995 	44.999897
0.0098492462 	44.999897
0.0098994975 	44.999898
0.0099497487 	44.999898
0.01 	44.999899
