0.0005 	45.005024
0.0015 	45.022179
0.0025 	45.063315
0.0035 	45.119103
0.0045 	45.1631
0.0055 	45.242251
0.0065 	45.309606
0.0075 	45.397828
0.0085 	45.497646
0.0095 	45.573125
0.0105 	45.676543
0.0115 	45.760303
0.0125 	45.853337
0.0135 	45.948515
0.0145 	46.025022
0.0155 	46.116122
0.0165 	46.196002
0.0175 	46.280577
0.0185 	46.366699
0.0195 	46.442205
0.0205 	46.526057
0.0215 	46.602924
0.0225 	46.681777
0.0235 	46.761528
0.0245 	46.833228
0.0255 	46.910075
0.0265 	46.981516
0.0275 	47.0535
0.0285 	47.125798
0.0295 	47.191559
0.0305 	47.260496
0.0315 	47.325216
0.0325 	47.389692
0.0335 	47.454085
0.0345 	47.513452
0.0355 	47.574575
0.0365 	47.63254
0.0375 	47.689768
0.0385 	47.746671
0.0395 	47.799806
0.0405 	47.853715
0.0415 	47.905333
0.0425 	47.955971
0.0435 	48.00618
0.0445 	48.053684
0.0455 	48.101331
0.0465 	48.147367
0.0475 	48.192419
0.0485 	48.237048
0.0495 	48.279803
0.0505 	48.322464
0.0515 	48.364112
0.0525 	48.404966
0.0535 	48.445528
0.0545 	48.484849
0.0555 	48.524008
0.0565 	48.562398
0.0575 	48.600191
0.0585 	48.637775
0.0595 	48.674244
0.0605 	48.710626
0.0615 	48.746376
0.0625 	48.781603
0.0635 	48.816666
0.0645 	48.850767
0.0655 	48.884815
0.0665 	48.918264
0.0675 	48.951252
0.0685 	48.984097
0.0695 	49.016043
0.0705 	49.047968
0.0715 	49.079339
0.0725 	49.110277
0.0735 	49.141081
0.0745 	49.171058
0.0755 	49.201007
0.0765 	49.230434
0.0775 	49.25948
0.0785 	49.288397
0.0795 	49.31656
0.0805 	49.344693
0.0815 	49.372367
0.0825 	49.399682
0.0835 	49.426873
0.0845 	49.453405
0.0855 	49.479886
0.0865 	49.50596
0.0875 	49.531703
0.0885 	49.557327
0.0895 	49.582372
0.0905 	49.607352
0.0915 	49.631981
0.0925 	49.656296
0.0935 	49.680498
0.0945 	49.704198
0.0955 	49.727817
0.0965 	49.751128
0.0975 	49.77415
0.0985 	49.797063
0.0995 	49.819529
0.1005 	49.841907
0.1015 	49.864021
0.1025 	49.885855
0.1035 	49.907585
0.1045 	49.928927
0.1055 	49.950163
0.1065 	49.971159
0.1075 	49.991898
0.1085 	50.012535
0.1095 	50.032814
0.1105 	50.052987
0.1115 	50.072957
0.1125 	50.092668
0.1135 	50.112279
0.1145 	50.131591
0.1155 	50.150781
0.1165 	50.169783
0.1175 	50.188545
0.1185 	50.207207
0.1195 	50.225587
0.1205 	50.243844
0.1215 	50.261944
0.1225 	50.279798
0.1235 	50.297554
0.1245 	50.315068
0.1255 	50.332449
0.1265 	50.34969
0.1275 	50.366694
0.1285 	50.383599
0.1295 	50.400294
0.1305 	50.416848
0.1315 	50.433281
0.1325 	50.449485
0.1335 	50.465592
0.1345 	50.481513
0.1355 	50.497278
0.1365 	50.512932
0.1375 	50.528373
0.1385 	50.54372
0.1395 	50.558898
0.1405 	50.573921
0.1415 	50.588854
0.1425 	50.603577
0.1435 	50.618208
0.1445 	50.632702
0.1455 	50.64703
0.1465 	50.661281
0.1475 	50.675337
0.1485 	50.689302
0.1495 	50.703145
0.1505 	50.716828
0.1515 	50.730458
0.1525 	50.743886
0.1535 	50.757225
0.1545 	50.770483
0.1555 	50.783567
0.1565 	50.796603
0.1575 	50.809463
0.1585 	50.822237
0.1595 	50.834931
0.1605 	50.847462
0.1615 	50.859969
0.1625 	50.872286
0.1635 	50.88452
0.1645 	50.896715
0.1655 	50.908731
0.1665 	50.920718
0.1675 	50.932549
0.1685 	50.944299
0.1695 	50.955998
0.1705 	50.967533
0.1715 	50.979066
0.1725 	50.990418
0.1735 	51.00169
0.1745 	51.012953
0.1755 	51.024035
0.1765 	51.035103
0.1775 	51.046031
0.1785 	51.05688
0.1795 	51.067695
0.1805 	51.078351
0.1815 	51.089022
0.1825 	51.099519
0.1835 	51.109939
0.1845 	51.12037
0.1855 	51.130619
0.1865 	51.140866
0.1875 	51.150979
0.1885 	51.161017
0.1895 	51.171037
0.1905 	51.180898
0.1915 	51.190782
0.1925 	51.2005
0.1935 	51.210144
0.1945 	51.219816
0.1955 	51.229305
0.1965 	51.238798
0.1975 	51.248168
0.1985 	51.257466
0.1995 	51.266754
0.2005 	51.275886
0.2015 	51.285053
0.2025 	51.294055
0.2035 	51.302985
0.2045 	51.311958
0.2055 	51.320746
0.2065 	51.329542
0.2075 	51.338224
0.2085 	51.346835
0.2095 	51.355443
0.2105 	51.363897
0.2115 	51.372395
0.2125 	51.380728
0.2135 	51.38899
0.2145 	51.397311
0.2155 	51.405445
0.2165 	51.413588
0.2175 	51.421632
0.2185 	51.429606
0.2195 	51.437579
0.2205 	51.445405
0.2215 	51.453287
0.2225 	51.461001
0.2235 	51.468647
0.2245 	51.476368
0.2255 	51.483899
0.2265 	51.491445
0.2275 	51.4989
0.2285 	51.506288
0.2295 	51.513681
0.2305 	51.520931
0.2315 	51.528243
0.2325 	51.535391
0.2335 	51.542474
0.2345 	51.549644
0.2355 	51.556624
0.2365 	51.563621
0.2375 	51.570539
0.2385 	51.577392
0.2395 	51.584253
0.2405 	51.590977
0.2415 	51.597772
0.2425 	51.604403
0.2435 	51.610972
0.2445 	51.617641
0.2455 	51.62412
0.2465 	51.630619
0.2475 	51.637049
0.2485 	51.643415
0.2495 	51.649795
0.2505 	51.656044
0.2515 	51.662368
0.2525 	51.668531
0.2535 	51.674637
0.2545 	51.680852
0.2555 	51.686878
0.2565 	51.692923
0.2575 	51.698913
0.2585 	51.704841
0.2595 	51.710781
0.2605 	51.716598
0.2615 	51.722497
0.2625 	51.728235
0.2635 	51.733917
0.2645 	51.739718
0.2655 	51.745331
0.2665 	51.750967
0.2675 	51.756549
0.2685 	51.762071
0.2695 	51.76762
0.2705 	51.773045
0.2715 	51.778548
0.2725 	51.783902
0.2735 	51.789203
0.2745 	51.794614
0.2755 	51.799847
0.2765 	51.805112
0.2775 	51.810322
0.2785 	51.815474
0.2795 	51.820656
0.2805 	51.825718
0.2815 	51.83086
0.2825 	51.83586
0.2835 	51.840809
0.2845 	51.845869
0.2855 	51.850758
0.2865 	51.855678
0.2875 	51.860547
0.2885 	51.865361
0.2895 	51.870215
0.2905 	51.87495
0.2915 	51.879761
0.2925 	51.884458
0.2935 	51.889109
0.2945 	51.893859
0.2955 	51.898454
0.2965 	51.903099
0.2975 	51.9079
0.2985 	51.912993
0.2995 	51.919663
