# Region type : patch inlet
# Faces         : 1620
# Area          : 5.00000000e-04
# Scale factor  : 1.00000000e+00
# Time          	sum(phi)
100             	-5.05750000e-06
200             	-5.05750000e-06
300             	-5.05750000e-06
400             	-5.05750000e-06
500             	-5.05750000e-06
600             	-5.05750000e-06
700             	-5.05750000e-06
800             	-5.05750000e-06
900             	-5.05750000e-06
1000            	-5.05750000e-06
1100            	-5.05750000e-06
1200            	-5.05750000e-06
1300            	-5.05750000e-06
1400            	-5.05750000e-06
1500            	-5.05750000e-06
1600            	-5.05750000e-06
1700            	-5.05750000e-06
1800            	-5.05750000e-06
1900            	-5.05750000e-06
2000            	-5.05750000e-06
2100            	-5.05750000e-06
2200            	-5.05750000e-06
