# Region type : patch outlet
# Faces         : 1620
# Area          : 5.00000000e-04
# Scale factor  : 1.00000000e+00
# Time          	areaAverage(p)
100             	5.00000000e+05
200             	5.00000000e+05
300             	5.00000000e+05
400             	5.00000000e+05
500             	5.00000000e+05
600             	5.00000000e+05
700             	5.00000000e+05
800             	5.00000000e+05
900             	5.00000000e+05
1000            	5.00000000e+05
1100            	5.00000000e+05
1200            	5.00000000e+05
1300            	5.00000000e+05
1400            	5.00000000e+05
1500            	5.00000000e+05
1600            	5.00000000e+05
1700            	5.00000000e+05
1800            	5.00000000e+05
1900            	5.00000000e+05
2000            	5.00000000e+05
2100            	5.00000000e+05
2200            	5.00000000e+05
2300            	5.00000000e+05
2400            	5.00000000e+05
2500            	5.00000000e+05
2600            	5.00000000e+05
2700            	5.00000000e+05
2800            	5.00000000e+05
2900            	5.00000000e+05
3000            	5.00000000e+05
3100            	5.00000000e+05
3200            	5.00000000e+05
3300            	5.00000000e+05
3400            	5.00000000e+05
3500            	5.00000000e+05
3600            	5.00000000e+05
3700            	5.00000000e+05
3800            	5.00000000e+05
3900            	5.00000000e+05
4000            	5.00000000e+05
4100            	5.00000000e+05
4200            	5.00000000e+05
4300            	5.00000000e+05
4400            	5.00000000e+05
4500            	5.00000000e+05
4600            	5.00000000e+05
4700            	5.00000000e+05
4800            	5.00000000e+05
4900            	5.00000000e+05
5000            	5.00000000e+05
5100            	5.00000000e+05
5200            	5.00000000e+05
5300            	5.00000000e+05
5400            	5.00000000e+05
5500            	5.00000000e+05
5600            	5.00000000e+05
5700            	5.00000000e+05
5800            	5.00000000e+05
5900            	5.00000000e+05
6000            	5.00000000e+05
