# Region type : patch shield
# Faces       : 3456
# Area        : 5.674152e-01
# Scale factor: 1.000000e+00
# Time        	areaIntegrate(wallHeatFlux)
50            	-1.220217e+00
100           	-1.220172e+00
150           	-1.220158e+00
200           	-1.220148e+00
250           	-1.220143e+00
300           	-1.220141e+00
350           	-1.220140e+00
400           	-1.220139e+00
450           	-1.220139e+00
500           	-1.220138e+00
550           	-1.220138e+00
600           	-1.220138e+00
650           	-1.220138e+00
700           	-1.220138e+00
750           	-1.220138e+00
800           	-1.220138e+00
850           	-1.220138e+00
900           	-1.220138e+00
950           	-1.220138e+00
1000          	-1.220138e+00
1050          	-1.220138e+00
1100          	-1.220138e+00
1150          	-1.220138e+00
1200          	-1.220138e+00
1250          	-1.220138e+00
1300          	-1.220138e+00
1350          	-1.220138e+00
1400          	-1.220138e+00
1450          	-1.220138e+00
1500          	-1.220138e+00
1550          	-1.220138e+00
1600          	-1.220138e+00
1650          	-1.220138e+00
1700          	-1.220138e+00
1750          	-1.220138e+00
1800          	-1.220138e+00
1850          	-1.220138e+00
1900          	-1.220138e+00
1950          	-1.220138e+00
2000          	-1.220138e+00
2050          	-1.220138e+00
2100          	-1.220138e+00
2150          	-1.220138e+00
2200          	-1.220138e+00
2250          	-1.220138e+00
2300          	-1.220138e+00
2350          	-1.220138e+00
2400          	-1.220138e+00
2450          	-1.220138e+00
2500          	-1.220138e+00
2550          	-1.220138e+00
2600          	-1.220138e+00
2650          	-1.220138e+00
2700          	-1.220138e+00
2750          	-1.220138e+00
2800          	-1.220138e+00
2850          	-1.220138e+00
2900          	-1.220138e+00
