# Region type : patch coldPlate
# Faces       : 2212
# Area        : 2.431262e-01
# Scale factor: 1.000000e+00
# Time        	areaIntegrate(wallHeatFlux)
50            	-3.130854e-01
100           	-3.130652e-01
150           	-3.130580e-01
200           	-3.130544e-01
250           	-3.130523e-01
300           	-3.130510e-01
350           	-3.130501e-01
400           	-3.130495e-01
450           	-3.130491e-01
500           	-3.130489e-01
550           	-3.130487e-01
600           	-3.130485e-01
650           	-3.130484e-01
700           	-3.130483e-01
750           	-3.130483e-01
800           	-3.130482e-01
850           	-3.130482e-01
900           	-3.130482e-01
950           	-3.130482e-01
1000          	-3.130482e-01
1050          	-3.130481e-01
1100          	-3.130481e-01
1150          	-3.130481e-01
1200          	-3.130481e-01
1250          	-3.130481e-01
1300          	-3.130481e-01
1350          	-3.130481e-01
1400          	-3.130481e-01
1450          	-3.130481e-01
1500          	-3.130481e-01
1550          	-3.130481e-01
1600          	-3.130481e-01
1650          	-3.130481e-01
1700          	-3.130481e-01
1750          	-3.130481e-01
1800          	-3.130481e-01
1850          	-3.130481e-01
1900          	-3.130481e-01
1950          	-3.130481e-01
2000          	-3.130481e-01
2050          	-3.130481e-01
2100          	-3.130481e-01
2150          	-3.130481e-01
2200          	-3.130481e-01
2250          	-3.130481e-01
2300          	-3.130481e-01
2350          	-3.130481e-01
2400          	-3.130481e-01
2450          	-3.130481e-01
2500          	-3.130481e-01
2550          	-3.130481e-01
2600          	-3.130481e-01
2650          	-3.130481e-01
2700          	-3.130481e-01
2750          	-3.130481e-01
2800          	-3.130481e-01
2850          	-3.130481e-01
2900          	-3.130481e-01
