# Region type : patch inlet
# Faces         : 1620
# Area          : 5.00000000e-04
# Scale factor  : 1.00000000e+00
# Time          	areaAverage(p_rgh)
100             	3.04926569e-04
200             	2.69837331e-04
300             	2.57908185e-04
400             	2.52862368e-04
500             	2.50683367e-04
600             	2.49870108e-04
700             	2.49732057e-04
800             	2.49880880e-04
900             	2.50018289e-04
1000            	2.50050549e-04
1100            	2.50053236e-04
1200            	2.50053603e-04
1300            	2.50053681e-04
1400            	2.50053697e-04
1500            	2.50053701e-04
1600            	2.50053701e-04
1700            	2.50053701e-04
1800            	2.50053701e-04
1900            	2.50053701e-04
2000            	2.50053701e-04
2100            	2.50053701e-04
2200            	2.50053701e-04
