# Region type : patch outlet
# Faces         : 3645
# Area          : 5.00000000e-04
# Scale factor  : 1.00000000e+00
# Time          	areaAverage(T)
100             	7.70339504e+01
200             	7.70694194e+01
300             	7.71048000e+01
400             	7.71399827e+01
500             	7.71749198e+01
600             	7.72095889e+01
700             	7.72439799e+01
800             	7.72780895e+01
900             	7.73119190e+01
1000            	7.73455413e+01
1100            	7.73796650e+01
1200            	7.74149089e+01
1300            	7.74490896e+01
1400            	7.74830427e+01
1500            	7.75167827e+01
1600            	7.75348296e+01
1700            	7.75464953e+01
1800            	7.75539313e+01
1900            	7.75587082e+01
2000            	7.75618155e+01
2100            	7.75638279e+01
2200            	7.75651079e+01
2300            	7.75659021e+01
