# Region type : patch outlet
# Faces         : 720
# Area          : 5.00000000e-04
# Scale factor  : 1.00000000e+00
# Time          	areaAverage(T)
100             	5.27216361e+01
200             	4.95049877e+01
300             	4.96360724e+01
400             	4.97624512e+01
500             	4.98289007e+01
600             	4.98295902e+01
700             	4.98235441e+01
800             	4.98243943e+01
900             	4.98247632e+01
1000            	4.98248734e+01
1100            	4.98249553e+01
1200            	4.98247166e+01
1300            	4.98246337e+01
1400            	4.98241655e+01
1500            	4.98248979e+01
1600            	4.98247931e+01
1700            	4.98249110e+01
1800            	4.98246522e+01
1900            	4.98245338e+01
2000            	4.98245638e+01
2100            	4.98245723e+01
2200            	4.98242575e+01
2300            	4.98244146e+01
2400            	4.98241241e+01
2500            	4.98244337e+01
2600            	4.98243751e+01
2700            	4.98242434e+01
2800            	4.98244852e+01
2900            	4.98242783e+01
3000            	4.98242347e+01
3100            	4.98247274e+01
3200            	4.98242229e+01
3300            	4.98241876e+01
3400            	4.98241553e+01
3500            	4.98242111e+01
3600            	4.98241362e+01
3700            	4.98241981e+01
3800            	4.98242992e+01
3900            	4.98244176e+01
4000            	4.98241196e+01
4100            	4.98244146e+01
4200            	4.98242687e+01
4300            	4.98245030e+01
4400            	4.98246852e+01
4500            	4.98244731e+01
4600            	4.98249091e+01
4700            	4.98245476e+01
4800            	4.98243628e+01
4900            	4.98247666e+01
5000            	4.98246884e+01
5100            	4.98243321e+01
5200            	4.98247459e+01
5300            	4.98245631e+01
5400            	4.98244315e+01
5500            	4.98244728e+01
5600            	4.98247075e+01
5700            	4.98240198e+01
5800            	4.98240374e+01
5900            	4.98243549e+01
6000            	4.98243136e+01
