# Region type : patch coldPlate
# Faces       : 2212
# Area        : 2.431262e-01
# Scale factor: 1.000000e+00
# Time        	areaIntegrate(wallHeatFlux)
50            	-1.981981e-01
100           	-1.981849e-01
150           	-1.981761e-01
200           	-1.981677e-01
250           	-1.981603e-01
300           	-1.981580e-01
350           	-1.981578e-01
400           	-1.981575e-01
450           	-1.981572e-01
500           	-1.981570e-01
550           	-1.981569e-01
600           	-1.981568e-01
650           	-1.981568e-01
700           	-1.981567e-01
750           	-1.981567e-01
800           	-1.981567e-01
850           	-1.981567e-01
900           	-1.981567e-01
950           	-1.981567e-01
1000          	-1.981567e-01
1050          	-1.981567e-01
1100          	-1.981567e-01
1150          	-1.981567e-01
1200          	-1.981567e-01
1250          	-1.981567e-01
1300          	-1.981567e-01
1350          	-1.981567e-01
1400          	-1.981567e-01
1450          	-1.981567e-01
1500          	-1.981567e-01
1550          	-1.981567e-01
1600          	-1.981567e-01
1650          	-1.981567e-01
1700          	-1.981567e-01
1750          	-1.981567e-01
1800          	-1.981567e-01
1850          	-1.981567e-01
1900          	-1.981567e-01
1950          	-1.981567e-01
2000          	-1.981567e-01
2050          	-1.981567e-01
2100          	-1.981567e-01
2150          	-1.981567e-01
2200          	-1.981567e-01
2250          	-1.981567e-01
2300          	-1.981567e-01
2350          	-1.981567e-01
2400          	-1.981567e-01
2450          	-1.981567e-01
2500          	-1.981567e-01
2550          	-1.981567e-01
2600          	-1.981567e-01
2650          	-1.981567e-01
2700          	-1.981567e-01
2750          	-1.981567e-01
2800          	-1.981567e-01
2850          	-1.981567e-01
2900          	-1.981567e-01
