# Region type : patch heatedWall
# Faces         : 36450
# Area          : 1.50000000e-02
# Scale factor  : 1.00000000e+00
# Time          	areaAverage(T)
100             	7.84845899e+01
200             	7.90687868e+01
300             	7.94883779e+01
400             	7.98184764e+01
500             	8.00883882e+01
600             	8.03133983e+01
700             	8.05027645e+01
800             	8.06626430e+01
900             	8.07973992e+01
1000            	8.09102759e+01
1100            	8.10037297e+01
1200            	8.10794791e+01
1300            	8.11387951e+01
1400            	8.11833210e+01
1500            	8.12141116e+01
1600            	8.12332221e+01
1700            	8.12453422e+01
1800            	8.12531482e+01
1900            	8.12581748e+01
2000            	8.12613633e+01
2100            	8.12633398e+01
2200            	8.12645342e+01
2300            	8.12652377e+01
