# Region type : patch outlet
# Faces         : 1620
# Area          : 5.00000000e-04
# Scale factor  : 1.00000000e+00
# Time          	areaAverage(T)
100             	7.70408768e+01
200             	7.70890253e+01
300             	7.71405542e+01
400             	7.71892147e+01
500             	7.72217783e+01
600             	7.72569765e+01
700             	7.72932096e+01
800             	7.73307492e+01
900             	7.73655047e+01
1000            	7.73875390e+01
1100            	7.73960634e+01
1200            	7.74011401e+01
1300            	7.74019707e+01
1400            	7.74045732e+01
1500            	7.74131292e+01
1600            	7.74069735e+01
1700            	7.74037252e+01
1800            	7.74074327e+01
1900            	7.74133309e+01
2000            	7.74090347e+01
2100            	7.74046977e+01
2200            	7.74108471e+01
2300            	7.74042715e+01
2400            	7.74157675e+01
2500            	7.74199410e+01
2600            	7.74133374e+01
2700            	7.74059935e+01
2800            	7.74022593e+01
2900            	7.74122504e+01
3000            	7.74103614e+01
3100            	7.74151536e+01
3200            	7.74107507e+01
3300            	7.74114625e+01
3400            	7.74208972e+01
3500            	7.74100395e+01
3600            	7.74059247e+01
3700            	7.74117675e+01
3800            	7.74128303e+01
3900            	7.74094124e+01
4000            	7.74099836e+01
4100            	7.73972917e+01
4200            	7.74043762e+01
4300            	7.74067812e+01
4400            	7.74085893e+01
4500            	7.74012163e+01
4600            	7.74054037e+01
4700            	7.74088647e+01
4800            	7.74087473e+01
4900            	7.74091824e+01
5000            	7.74091247e+01
5100            	7.74115734e+01
5200            	7.74060042e+01
5300            	7.74058382e+01
5400            	7.74093936e+01
5500            	7.74075645e+01
5600            	7.74018879e+01
5700            	7.74066894e+01
5800            	7.74126201e+01
5900            	7.74047211e+01
6000            	7.74157116e+01
6100            	7.74077186e+01
6200            	7.74057028e+01
6300            	7.74100875e+01
6400            	7.74182153e+01
6500            	7.74078844e+01
6600            	7.74066889e+01
6700            	7.74084553e+01
6800            	7.74002482e+01
6900            	7.73989828e+01
7000            	7.74096992e+01
7100            	7.74060873e+01
7200            	7.74048761e+01
7300            	7.74101878e+01
7400            	7.74043265e+01
7500            	7.74087787e+01
7600            	7.74036530e+01
7700            	7.73993756e+01
7800            	7.74084122e+01
7900            	7.74062528e+01
8000            	7.74108419e+01
8100            	7.74047363e+01
8200            	7.73986295e+01
8300            	7.74052458e+01
8400            	7.74101483e+01
8500            	7.74099707e+01
8600            	7.74101662e+01
8700            	7.74101242e+01
8800            	7.74074341e+01
8900            	7.74104769e+01
9000            	7.73982530e+01
9100            	7.74107492e+01
9200            	7.74069105e+01
9300            	7.74035147e+01
9400            	7.74024555e+01
9500            	7.74027891e+01
9600            	7.74068847e+01
9700            	7.74066343e+01
9800            	7.74055603e+01
9900            	7.74073241e+01
10000           	7.74087265e+01
