# Region type : patch coldPlate
# Faces       : 128
# Area        : 1.034060e-02
# Scale factor: 1.000000e+00
# Time        	areaIntegrate(wallHeatFlux)
50            	-9.106659e-05
100           	-9.060429e-05
150           	-8.976847e-05
200           	-8.955846e-05
250           	-8.947444e-05
300           	-8.942856e-05
350           	-8.941240e-05
400           	-8.941465e-05
450           	-8.940819e-05
500           	-8.940246e-05
550           	-8.940176e-05
600           	-8.939501e-05
650           	-8.938695e-05
700           	-8.938223e-05
750           	-8.937600e-05
800           	-8.936817e-05
850           	-8.936190e-05
900           	-8.935613e-05
950           	-8.934973e-05
1000          	-8.934365e-05
1050          	-8.933797e-05
1100          	-8.933238e-05
1150          	-8.932721e-05
1200          	-8.932242e-05
1250          	-8.931771e-05
1300          	-8.931320e-05
1350          	-8.930915e-05
1400          	-8.930547e-05
1450          	-8.930204e-05
1500          	-8.929882e-05
1550          	-8.929587e-05
1600          	-8.929327e-05
1650          	-8.929103e-05
1700          	-8.928908e-05
1750          	-8.928739e-05
1800          	-8.928603e-05
1850          	-8.928499e-05
1900          	-8.928426e-05
1950          	-8.928384e-05
2000          	-8.928373e-05
