# Region type : patch coldPlate
# Faces       : 128
# Area        : 1.034060e-02
# Scale factor: 1.000000e+00
# Time        	areaIntegrate(wallHeatFlux)
50            	-7.619567e-05
100           	-7.625006e-05
150           	-7.626201e-05
200           	-7.626639e-05
250           	-7.626854e-05
300           	-7.626979e-05
350           	-7.627060e-05
400           	-7.627116e-05
450           	-7.627156e-05
500           	-7.627185e-05
550           	-7.627207e-05
600           	-7.627223e-05
650           	-7.627235e-05
700           	-7.627245e-05
750           	-7.627252e-05
800           	-7.627257e-05
850           	-7.627262e-05
900           	-7.627265e-05
950           	-7.627267e-05
1000          	-7.627269e-05
1050          	-7.627271e-05
1100          	-7.627272e-05
1150          	-7.627273e-05
1200          	-7.627274e-05
1250          	-7.627274e-05
1300          	-7.627275e-05
1350          	-7.627275e-05
1400          	-7.627275e-05
1450          	-7.627275e-05
1500          	-7.627275e-05
1550          	-7.627276e-05
1600          	-7.627276e-05
1650          	-7.627276e-05
1700          	-7.627276e-05
1750          	-7.627276e-05
1800          	-7.627276e-05
1850          	-7.627276e-05
1900          	-7.627276e-05
1950          	-7.627276e-05
2000          	-7.627276e-05
2050          	-7.627276e-05
2100          	-7.627276e-05
2150          	-7.627276e-05
2200          	-7.627276e-05
2250          	-7.627276e-05
2300          	-7.627276e-05
2350          	-7.627276e-05
2400          	-7.627276e-05
2450          	-7.627276e-05
2500          	-7.627276e-05
2550          	-7.627276e-05
2600          	-7.627276e-05
2650          	-7.627276e-05
2700          	-7.627276e-05
2750          	-7.627276e-05
2800          	-7.627276e-05
2850          	-7.627276e-05
2900          	-7.627276e-05
2950          	-7.627276e-05
3000          	-7.627276e-05
3050          	-7.627276e-05
3100          	-7.627276e-05
3150          	-7.627276e-05
3200          	-7.627276e-05
3250          	-7.627276e-05
3300          	-7.627276e-05
3350          	-7.627276e-05
3400          	-7.627276e-05
3450          	-7.627276e-05
3500          	-7.627276e-05
3550          	-7.627276e-05
3600          	-7.627276e-05
3650          	-7.627276e-05
3700          	-7.627276e-05
3750          	-7.627276e-05
3800          	-7.627276e-05
