# Region type : patch outlet
# Faces         : 3645
# Area          : 5.00000000e-04
# Scale factor  : 1.00000000e+00
# Time          	areaAverage(T)
100             	5.14047296e+01
200             	5.23452760e+01
300             	5.28363512e+01
400             	5.10242516e+01
500             	4.95539836e+01
600             	4.94511709e+01
700             	4.95146709e+01
800             	4.96061686e+01
900             	4.96966810e+01
1000            	4.97739909e+01
1100            	4.98305517e+01
1200            	4.99337214e+01
1300            	5.01108274e+01
1400            	4.97742851e+01
1500            	4.98583687e+01
1600            	4.98558823e+01
1700            	4.98560915e+01
1800            	4.98592809e+01
1900            	4.98573560e+01
2000            	4.98555182e+01
2100            	4.98559837e+01
2200            	4.98566284e+01
2300            	4.98581168e+01
2400            	4.98575403e+01
2500            	4.98563137e+01
2600            	4.98578138e+01
2700            	4.98579474e+01
2800            	4.98568568e+01
2900            	4.98577833e+01
3000            	4.98567439e+01
3100            	4.98574749e+01
3200            	4.98558723e+01
3300            	4.98577262e+01
3400            	4.98572233e+01
3500            	4.98577884e+01
3600            	4.98575354e+01
3700            	4.98551225e+01
3800            	4.98570153e+01
3900            	4.98584212e+01
4000            	4.98565200e+01
4100            	4.98578972e+01
4200            	4.98579691e+01
4300            	4.98576776e+01
4400            	4.98547573e+01
4500            	4.98559018e+01
4600            	4.98561097e+01
4700            	4.98554144e+01
4800            	4.98533574e+01
4900            	4.98559049e+01
5000            	4.98552085e+01
5100            	4.98567816e+01
5200            	4.98569054e+01
5300            	4.98563547e+01
5400            	4.98587136e+01
5500            	4.98564218e+01
5600            	4.98562190e+01
5700            	4.98571643e+01
5800            	4.98545643e+01
5900            	4.98570391e+01
6000            	4.98558303e+01
