# Region type : patch shield
# Faces       : 3456
# Area        : 5.674152e-01
# Scale factor: 1.000000e+00
# Time        	areaIntegrate(wallHeatFlux)
50            	-9.218549e-01
100           	-9.218097e-01
150           	-9.217950e-01
200           	-9.217852e-01
250           	-9.217807e-01
300           	-9.217789e-01
350           	-9.217777e-01
400           	-9.217768e-01
450           	-9.217762e-01
500           	-9.217758e-01
550           	-9.217757e-01
600           	-9.217756e-01
650           	-9.217755e-01
700           	-9.217755e-01
750           	-9.217755e-01
800           	-9.217755e-01
850           	-9.217754e-01
900           	-9.217754e-01
950           	-9.217754e-01
1000          	-9.217754e-01
1050          	-9.217754e-01
1100          	-9.217754e-01
1150          	-9.217754e-01
1200          	-9.217754e-01
1250          	-9.217754e-01
1300          	-9.217754e-01
1350          	-9.217754e-01
1400          	-9.217754e-01
1450          	-9.217754e-01
1500          	-9.217754e-01
1550          	-9.217754e-01
1600          	-9.217754e-01
1650          	-9.217754e-01
1700          	-9.217754e-01
1750          	-9.217754e-01
1800          	-9.217754e-01
1850          	-9.217754e-01
1900          	-9.217754e-01
1950          	-9.217754e-01
2000          	-9.217754e-01
2050          	-9.217754e-01
2100          	-9.217754e-01
2150          	-9.217754e-01
2200          	-9.217754e-01
2250          	-9.217754e-01
2300          	-9.217754e-01
2350          	-9.217754e-01
2400          	-9.217754e-01
2450          	-9.217754e-01
2500          	-9.217754e-01
2550          	-9.217754e-01
2600          	-9.217754e-01
2650          	-9.217754e-01
2700          	-9.217754e-01
2750          	-9.217754e-01
2800          	-9.217754e-01
2850          	-9.217754e-01
2900          	-9.217754e-01
