# Region type : patch outlet
# Faces         : 1620
# Area          : 5.00000000e-04
# Scale factor  : 1.00000000e+00
# Time          	areaAverage(T)
100             	7.71527370e+01
200             	7.73143701e+01
300             	7.74759034e+01
400             	7.76355851e+01
500             	7.77928329e+01
600             	7.79474966e+01
700             	7.80999630e+01
800             	7.82537266e+01
900             	7.84072500e+01
1000            	7.85407761e+01
1100            	7.86441972e+01
1200            	7.87207725e+01
1300            	7.87757544e+01
1400            	7.88143601e+01
1500            	7.88409885e+01
1600            	7.88590323e+01
1700            	7.88710233e+01
1800            	7.88788263e+01
1900            	7.88837944e+01
2000            	7.88868885e+01
2100            	7.88887734e+01
2200            	7.88898965e+01
