# Region type : patch warmPlate
# Faces       : 1346
# Area        : 2.432699e-01
# Scale factor: 1.000000e+00
# Time        	areaIntegrate(wallHeatFlux)
50            	3.718574e+00
100           	3.718567e+00
150           	3.718565e+00
200           	3.718564e+00
250           	3.718563e+00
300           	3.718562e+00
350           	3.718562e+00
400           	3.718562e+00
450           	3.718562e+00
500           	3.718561e+00
550           	3.718561e+00
600           	3.718561e+00
650           	3.718561e+00
700           	3.718561e+00
750           	3.718561e+00
800           	3.718561e+00
850           	3.718561e+00
900           	3.718561e+00
950           	3.718561e+00
1000          	3.718561e+00
1050          	3.718561e+00
1100          	3.718561e+00
1150          	3.718561e+00
1200          	3.718561e+00
1250          	3.718561e+00
1300          	3.718561e+00
1350          	3.718561e+00
1400          	3.718561e+00
1450          	3.718561e+00
1500          	3.718561e+00
1550          	3.718561e+00
1600          	3.718561e+00
1650          	3.718561e+00
1700          	3.718561e+00
1750          	3.718561e+00
1800          	3.718561e+00
1850          	3.718561e+00
1900          	3.718561e+00
1950          	3.718561e+00
2000          	3.718561e+00
2050          	3.718561e+00
2100          	3.718561e+00
2150          	3.718561e+00
2200          	3.718561e+00
2250          	3.718561e+00
2300          	3.718561e+00
2350          	3.718561e+00
2400          	3.718561e+00
2450          	3.718561e+00
2500          	3.718561e+00
2550          	3.718561e+00
2600          	3.718561e+00
2650          	3.718561e+00
2700          	3.718561e+00
2750          	3.718561e+00
2800          	3.718561e+00
2850          	3.718561e+00
2900          	3.718561e+00
