# Region type : patch shield
# Faces       : 3456
# Area        : 5.674152e-01
# Scale factor: 1.000000e+00
# Time        	areaIntegrate(wallHeatFlux)
50            	-2.670917e+00
100           	-2.670875e+00
150           	-2.670861e+00
200           	-2.670855e+00
250           	-2.670851e+00
300           	-2.670850e+00
350           	-2.670848e+00
400           	-2.670848e+00
450           	-2.670847e+00
500           	-2.670847e+00
550           	-2.670847e+00
600           	-2.670847e+00
650           	-2.670847e+00
700           	-2.670847e+00
750           	-2.670846e+00
800           	-2.670846e+00
850           	-2.670846e+00
900           	-2.670846e+00
950           	-2.670846e+00
1000          	-2.670846e+00
1050          	-2.670846e+00
1100          	-2.670846e+00
1150          	-2.670846e+00
1200          	-2.670846e+00
1250          	-2.670846e+00
1300          	-2.670846e+00
1350          	-2.670846e+00
1400          	-2.670846e+00
1450          	-2.670846e+00
1500          	-2.670846e+00
1550          	-2.670846e+00
1600          	-2.670846e+00
1650          	-2.670846e+00
1700          	-2.670846e+00
1750          	-2.670846e+00
1800          	-2.670846e+00
1850          	-2.670846e+00
1900          	-2.670846e+00
1950          	-2.670846e+00
2000          	-2.670846e+00
2050          	-2.670846e+00
2100          	-2.670846e+00
2150          	-2.670846e+00
2200          	-2.670846e+00
2250          	-2.670846e+00
2300          	-2.670846e+00
2350          	-2.670846e+00
2400          	-2.670846e+00
2450          	-2.670846e+00
2500          	-2.670846e+00
2550          	-2.670846e+00
2600          	-2.670846e+00
2650          	-2.670846e+00
2700          	-2.670846e+00
2750          	-2.670846e+00
2800          	-2.670846e+00
2850          	-2.670846e+00
2900          	-2.670846e+00
