0.0005 	45
0.0015 	44.999999
0.0025 	44.999998
0.0035 	44.999998
0.0045 	44.999997
0.0055 	44.999997
0.0065 	44.999997
0.0075 	45.000001
0.0085 	45.000006
0.0095 	45.000019
0.0105 	45.000041
0.0115 	45.000072
0.0125 	45.00013
0.0135 	45.0002
0.0145 	45.000308
0.0155 	45.000445
0.0165 	45.000611
0.0175 	45.000844
0.0185 	45.001108
0.0195 	45.001451
0.0205 	45.001855
0.0215 	45.002318
0.0225 	45.002895
0.0235 	45.003523
0.0245 	45.004285
0.0255 	45.005136
0.0265 	45.006078
0.0275 	45.00719
0.0285 	45.008372
0.0295 	45.009739
0.0305 	45.011229
0.0315 	45.012841
0.0325 	45.014672
0.0335 	45.016594
0.0345 	45.018752
0.0355 	45.021061
0.0365 	45.023519
0.0375 	45.026244
0.0385 	45.029078
0.0395 	45.032191
0.0405 	45.03548
0.0415 	45.038946
0.0425 	45.042716
0.0435 	45.046611
0.0445 	45.050824
0.0455 	45.055234
0.0465 	45.05984
0.0475 	45.064786
0.0485 	45.06987
0.0495 	45.075301
0.0505 	45.080948
0.0515 	45.08681
0.0525 	45.093036
0.0535 	45.09941
0.0545 	45.106159
0.0555 	45.113135
0.0565 	45.120337
0.0575 	45.127927
0.0585 	45.135672
0.0595 	45.143806
0.0605 	45.152178
0.0615 	45.160789
0.0625 	45.169796
0.0635 	45.178965
0.0645 	45.188538
0.0655 	45.198354
0.0665 	45.208411
0.0675 	45.21888
0.0685 	45.229512
0.0695 	45.240551
0.0705 	45.251839
0.0715 	45.263376
0.0725 	45.275323
0.0735 	45.287434
0.0745 	45.299961
0.0755 	45.312733
0.0765 	45.325751
0.0775 	45.339185
0.0785 	45.352783
0.0795 	45.366788
0.0805 	45.381041
0.0815 	45.395543
0.0825 	45.410447
0.0835 	45.425515
0.0845 	45.440994
0.0855 	45.456712
0.0865 	45.472668
0.0875 	45.489033
0.0885 	45.505557
0.0895 	45.522473
0.0905 	45.53963
0.0915 	45.557029
0.0925 	45.574814
0.0935 	45.592755
0.0945 	45.611092
0.0955 	45.629656
0.0965 	45.648447
0.0975 	45.667628
0.0985 	45.686961
0.0995 	45.706664
0.1005 	45.726596
0.1015 	45.746758
0.1025 	45.767281
0.1035 	45.787951
0.1045 	45.808995
0.1055 	45.83025
0.1065 	45.851716
0.1075 	45.873549
0.1085 	45.895523
0.1095 	45.917838
0.1105 	45.940368
0.1115 	45.963113
0.1125 	45.986189
0.1135 	46.0094
0.1145 	46.032961
0.1155 	46.056714
0.1165 	46.080659
0.1175 	46.104944
0.1185 	46.12936
0.1195 	46.154084
0.1205 	46.179007
0.1215 	46.20413
0.1225 	46.229551
0.1235 	46.255095
0.1245 	46.280963
0.1255 	46.307002
0.1265 	46.333213
0.1275 	46.359739
0.1285 	46.386383
0.1295 	46.413301
0.1305 	46.440403
0.1315 	46.467689
0.1325 	46.495238
0.1335 	46.522899
0.1345 	46.550858
0.1355 	46.578968
0.1365 	46.607228
0.1375 	46.635779
0.1385 	46.664435
0.1395 	46.69333
0.1405 	46.722395
0.1415 	46.75163
0.1425 	46.781091
0.1435 	46.810653
0.1445 	46.84049
0.1455 	46.870456
0.1465 	46.900552
0.1475 	46.930915
0.1485 	46.961373
0.1495 	46.992034
0.1505 	47.022851
0.1515 	47.053826
0.1525 	47.084992
0.1535 	47.116247
0.1545 	47.147757
0.1555 	47.179374
0.1565 	47.211099
0.1575 	47.243074
0.1585 	47.275132
0.1595 	47.307356
0.1605 	47.339728
0.1615 	47.372245
0.1625 	47.404918
0.1635 	47.437669
0.1645 	47.47066
0.1655 	47.503737
0.1665 	47.536899
0.1675 	47.570296
0.1685 	47.603766
0.1695 	47.637366
0.1705 	47.671105
0.1715 	47.704983
0.1725 	47.738979
0.1735 	47.773044
0.1745 	47.807337
0.1755 	47.841693
0.1765 	47.876113
0.1775 	47.910758
0.1785 	47.945467
0.1795 	47.980268
0.1805 	48.015204
0.1815 	48.050274
0.1825 	48.085423
0.1835 	48.120632
0.1845 	48.156065
0.1855 	48.191537
0.1865 	48.227048
0.1875 	48.262782
0.1885 	48.298572
0.1895 	48.334412
0.1905 	48.370387
0.1915 	48.406496
0.1925 	48.442643
0.1935 	48.478842
0.1945 	48.515265
0.1955 	48.551703
0.1965 	48.588154
0.1975 	48.624833
0.1985 	48.661558
0.1995 	48.698292
0.2005 	48.735163
0.2015 	48.772172
0.2025 	48.809174
0.2035 	48.846222
0.2045 	48.883503
0.2055 	48.92077
0.2065 	48.958024
0.2075 	48.995516
0.2085 	49.033048
0.2095 	49.070541
0.2105 	49.108181
0.2115 	49.145966
0.2125 	49.183696
0.2135 	49.221466
0.2145 	49.259486
0.2155 	49.297462
0.2165 	49.335393
0.2175 	49.373584
0.2185 	49.411809
0.2195 	49.44994
0.2205 	49.488233
0.2215 	49.526688
0.2225 	49.56503
0.2235 	49.603405
0.2245 	49.642062
0.2255 	49.680638
0.2265 	49.719133
0.2275 	49.757922
0.2285 	49.796738
0.2295 	49.835399
0.2305 	49.874244
0.2315 	49.913272
0.2325 	49.952124
0.2335 	49.991003
0.2345 	50.030203
0.2355 	50.069283
0.2365 	50.108244
0.2375 	50.147539
0.2385 	50.186857
0.2395 	50.225952
0.2405 	50.265257
0.2415 	50.304774
0.2425 	50.344042
0.2435 	50.383335
0.2445 	50.422998
0.2455 	50.462497
0.2465 	50.50183
0.2475 	50.541554
0.2485 	50.581295
0.2495 	50.620734
0.2505 	50.66042
0.2515 	50.700354
0.2525 	50.739955
0.2535 	50.779578
0.2545 	50.819636
0.2555 	50.859477
0.2565 	50.8991
0.2575 	50.939185
0.2585 	50.979282
0.2595 	51.018985
0.2605 	51.058981
0.2615 	51.099271
0.2625 	51.139129
0.2635 	51.179006
0.2645 	51.219405
0.2655 	51.259521
0.2665 	51.299351
0.2675 	51.339747
0.2685 	51.38015
0.2695 	51.420028
0.2705 	51.460273
0.2715 	51.500887
0.2725 	51.540922
0.2735 	51.580973
0.2745 	51.621682
0.2755 	51.662017
0.2765 	51.70198
0.2775 	51.742631
0.2785 	51.783291
0.2795 	51.8233
0.2805 	51.863733
0.2815 	51.90459
0.2825 	51.944781
0.2835 	51.984981
0.2845 	52.025897
0.2855 	52.066405
0.2865 	52.106503
0.2875 	52.14734
0.2885 	52.188178
0.2895 	52.228284
0.2905 	52.268883
0.2915 	52.309974
0.2925 	52.350242
0.2935 	52.390495
0.2945 	52.43149
0.2955 	52.472558
0.2965 	52.5137
0.2975 	52.55566
0.2985 	52.597362
0.2995 	52.63696
