0 	88.622118
5.0251256e-05 	87.903809
0.00010050251 	87.185499
0.00015075377 	86.46719
0.00020100503 	85.754297
0.00025125628 	85.06965
0.00030150754 	84.385003
0.00035175879 	83.700356
0.00040201005 	83.015708
0.00045226131 	82.334107
0.00050251256 	81.657963
0.00055276382 	80.98182
0.00060301508 	80.305677
0.00065326633 	79.629534
0.00070351759 	78.953391
0.00075376884 	78.285171
0.0008040201 	77.631689
0.00085427136 	76.978207
0.00090452261 	76.324725
0.00095477387 	75.671244
0.0010050251 	75.017762
0.0010552764 	74.36428
0.0011055276 	73.710799
0.0011557789 	73.094515
0.0012060302 	72.4857
0.0012562814 	71.876885
0.0013065327 	71.26807
0.0013567839 	70.659255
0.0014070352 	70.050439
0.0014572864 	69.441624
0.0015075377 	68.832809
0.0015577889 	68.223994
0.0016080402 	67.647653
0.0016582915 	67.114534
0.0017085427 	66.581414
0.001758794 	66.048295
0.0018090452 	65.515175
0.0018592965 	64.982056
0.0019095477 	64.448936
0.001959799 	63.915817
0.0020100503 	63.382697
0.0020603015 	62.849578
0.0021105528 	62.316458
0.002160804 	61.783339
0.0022110553 	61.324973
0.0022613065 	60.904338
0.0023115578 	60.483704
0.002361809 	60.06307
0.0024120603 	59.642436
0.0024623116 	59.221802
0.0025125628 	58.801167
0.0025628141 	58.380533
0.0026130653 	57.959899
0.0026633166 	57.539265
0.0027135678 	57.11863
0.0027638191 	56.697996
0.0028140704 	56.277362
0.0028643216 	55.856728
0.0029145729 	55.436094
0.0029648241 	55.148698
0.0030150754 	54.868782
0.0030653266 	54.588866
0.0031155779 	54.308951
0.0031658291 	54.029035
0.0032160804 	53.74912
0.0032663317 	53.469204
0.0033165829 	53.189288
0.0033668342 	52.909373
0.0034170854 	52.629457
0.0034673367 	52.349541
0.0035175879 	52.069626
0.0035678392 	51.78971
0.0036180905 	51.509795
0.0036683417 	51.229879
0.003718593 	50.949963
0.0037688442 	50.670048
0.0038190955 	50.390132
0.0038693467 	50.184357
0.003919598 	50.043158
0.0039698492 	49.901958
0.0040201005 	49.760758
0.0040703518 	49.619559
0.004120603 	49.478359
0.0041708543 	49.337159
0.0042211055 	49.19596
0.0042713568 	49.05476
0.004321608 	48.91356
0.0043718593 	48.77236
0.0044221106 	48.631161
0.0044723618 	48.489961
0.0045226131 	48.348761
0.0045728643 	48.207562
0.0046231156 	48.066362
0.0046733668 	47.925162
0.0047236181 	47.783963
0.0047738693 	47.642763
0.0048241206 	47.501563
0.0048743719 	47.360363
0.0049246231 	47.219164
0.0049748744 	47.077964
0.0050251256 	46.977943
0.0050753769 	46.919102
0.0051256281 	46.860261
0.0051758794 	46.801419
0.0052261307 	46.742578
0.0052763819 	46.683736
0.0053266332 	46.624895
0.0053768844 	46.566053
0.0054271357 	46.507212
0.0054773869 	46.44837
0.0055276382 	46.389529
0.0055778894 	46.330688
0.0056281407 	46.271846
0.005678392 	46.213005
0.0057286432 	46.154163
0.0057788945 	46.095322
0.0058291457 	46.03648
0.005879397 	45.977639
0.0059296482 	45.918797
0.0059798995 	45.859956
0.0060301508 	45.801115
0.006080402 	45.742273
0.0061306533 	45.683432
0.0061809045 	45.641386
0.0062311558 	45.618622
0.006281407 	45.595858
0.0063316583 	45.573094
0.0063819095 	45.55033
0.0064321608 	45.527566
0.0064824121 	45.504802
0.0065326633 	45.482038
0.0065829146 	45.459274
0.0066331658 	45.436511
0.0066834171 	45.413747
0.0067336683 	45.390983
0.0067839196 	45.368219
0.0068341709 	45.345455
0.0068844221 	45.322691
0.0069346734 	45.299927
0.0069849246 	45.277163
0.0070351759 	45.254399
0.0070854271 	45.232381
0.0071356784 	45.223626
0.0071859296 	45.214872
0.0072361809 	45.206117
0.0072864322 	45.197363
0.0073366834 	45.188609
0.0073869347 	45.179854
0.0074371859 	45.1711
0.0074874372 	45.162345
0.0075376884 	45.153591
0.0075879397 	45.144836
0.007638191 	45.136082
0.0076884422 	45.127328
0.0077386935 	45.118573
0.0077889447 	45.109819
0.007839196 	45.102805
0.0078894472 	45.099238
0.0079396985 	45.095672
0.0079899497 	45.092105
0.008040201 	45.088539
0.0080904523 	45.084972
0.0081407035 	45.081406
0.0081909548 	45.077839
0.008241206 	45.074273
0.0082914573 	45.070706
0.0083417085 	45.06714
0.0083919598 	45.063573
0.0084422111 	45.061245
0.0084924623 	45.059846
0.0085427136 	45.058447
0.0085929648 	45.057049
0.0086432161 	45.05565
0.0086934673 	45.054251
0.0087437186 	45.052853
0.0087939698 	45.051454
0.0088442211 	45.050055
0.0088944724 	45.048824
0.0089447236 	45.04843
0.0089949749 	45.048035
0.0090452261 	45.04764
0.0090954774 	45.047246
0.0091457286 	45.046851
0.0091959799 	45.046456
0.0092462312 	45.046061
0.0092964824 	45.045955
0.0093467337 	45.046003
0.0093969849 	45.046052
0.0094472362 	45.0461
0.0094974874 	45.046149
0.0095477387 	45.046197
0.0095979899 	45.046321
0.0096482412 	45.046487
0.0096984925 	45.046653
0.0097487437 	45.046819
0.009798995 	45.046985
0.0098492462 	45.047085
0.0098994975 	45.047172
0.0099497487 	45.047259
0.01 	45.047346
