0.0005 	45.283551
0.0015 	45.909272
0.0025 	46.865279
0.0035 	47.846038
0.0045 	48.686157
0.0055 	49.521177
0.0065 	50.25359
0.0075 	50.92983
0.0085 	51.578933
0.0095 	52.161688
0.0105 	52.726815
0.0115 	53.258163
0.0125 	53.760467
0.0135 	54.251318
0.0145 	54.709996
0.0155 	55.159292
0.0165 	55.592317
0.0175 	56.008197
0.0185 	56.41765
0.0195 	56.808547
0.0205 	57.193589
0.0215 	57.568744
0.0225 	57.932746
0.0235 	58.292583
0.0245 	58.640017
0.0255 	58.98333
0.0265 	59.319782
0.0275 	59.648268
0.0285 	59.973775
0.0295 	60.290231
0.0305 	60.603601
0.0315 	60.911866
0.0325 	61.214035
0.0335 	61.513919
0.0345 	61.806788
0.0355 	62.09719
0.0365 	62.383567
0.0375 	62.665041
0.0385 	62.944666
0.0395 	63.218596
0.0405 	63.490468
0.0415 	63.759046
0.0425 	64.023514
0.0435 	64.286431
0.0445 	64.544594
0.0455 	64.80097
0.0465 	65.054561
0.0475 	65.30464
0.0485 	65.55338
0.0495 	65.798032
0.0505 	66.041117
0.0515 	66.281818
0.0525 	66.519418
0.0535 	66.755841
0.0545 	66.988716
0.0555 	67.220169
0.0565 	67.449526
0.0575 	67.676126
0.0585 	67.901679
0.0595 	68.12411
0.0605 	68.345212
0.0615 	68.56442
0.0625 	68.78117
0.0635 	68.996977
0.0645 	69.209985
0.0655 	69.421806
0.0665 	69.631964
0.0675 	69.83987
0.0685 	70.046907
0.0695 	70.251396
0.0705 	70.45479
0.0715 	70.656681
0.0725 	70.856498
0.0735 	71.055519
0.0745 	71.252233
0.0755 	71.447922
0.0765 	71.642238
0.0775 	71.834654
0.0785 	72.026336
0.0795 	72.215906
0.0805 	72.404513
0.0815 	72.591859
0.0825 	72.777456
0.0835 	72.962371
0.0845 	73.145333
0.0855 	73.32741
0.0865 	73.508344
0.0875 	73.687626
0.0885 	73.866274
0.0895 	74.043145
0.0905 	74.21917
0.0915 	74.394125
0.0925 	74.567567
0.0935 	74.740418
0.0945 	74.911604
0.0955 	75.081994
0.0965 	75.251393
0.0975 	75.419363
0.0985 	75.58678
0.0995 	75.752656
0.1005 	75.917786
0.1015 	76.081998
0.1025 	76.244871
0.1035 	76.407223
0.1045 	76.568137
0.1055 	76.728347
0.1065 	76.887701
0.1075 	77.045793
0.1085 	77.203396
0.1095 	77.359652
0.1105 	77.515244
0.1115 	77.670035
0.1125 	77.823643
0.1135 	77.976789
0.1145 	78.128667
0.1155 	78.279914
0.1165 	78.43041
0.1175 	78.579788
0.1185 	78.72873
0.1195 	78.876486
0.1205 	79.023644
0.1215 	79.170096
0.1225 	79.315492
0.1235 	79.460475
0.1245 	79.60434
0.1255 	79.747635
0.1265 	79.890265
0.1275 	80.031896
0.1285 	80.173135
0.1295 	80.313317
0.1305 	80.452958
0.1315 	80.591973
0.1325 	80.730037
0.1335 	80.86773
0.1345 	81.004425
0.1355 	81.140604
0.1365 	81.276189
0.1375 	81.410873
0.1385 	81.545204
0.1395 	81.678589
0.1405 	81.811482
0.1415 	81.943813
0.1425 	82.075286
0.1435 	82.206423
0.1445 	82.336664
0.1455 	82.466434
0.1465 	82.59567
0.1475 	82.724091
0.1485 	82.852191
0.1495 	82.979438
0.1505 	83.106236
0.1515 	83.232529
0.1525 	83.358041
0.1535 	83.483247
0.1545 	83.607646
0.1555 	83.731612
0.1565 	83.855096
0.1575 	83.977838
0.1585 	84.100288
0.1595 	84.221964
0.1605 	84.34323
0.1615 	84.464038
0.1625 	84.584133
0.1635 	84.703949
0.1645 	84.823032
0.1655 	84.941718
0.1665 	85.059966
0.1675 	85.177537
0.1685 	85.29484
0.1695 	85.411438
0.1705 	85.527659
0.1715 	85.643465
0.1725 	85.758616
0.1735 	85.873511
0.1745 	85.98774
0.1755 	86.101601
0.1765 	86.215061
0.1775 	86.327903
0.1785 	86.440498
0.1795 	86.552446
0.1805 	86.664048
0.1815 	86.775271
0.1825 	86.88589
0.1835 	86.996273
0.1845 	87.106048
0.1855 	87.215482
0.1865 	87.324546
0.1875 	87.433043
0.1885 	87.541313
0.1895 	87.648986
0.1905 	87.75634
0.1915 	87.863348
0.1925 	87.969795
0.1935 	88.076024
0.1945 	88.181698
0.1955 	88.287053
0.1965 	88.392065
0.1975 	88.496558
0.1985 	88.600841
0.1995 	88.704569
0.2005 	88.808004
0.2015 	88.911125
0.2025 	89.01372
0.2035 	89.116113
0.2045 	89.218001
0.2055 	89.319588
0.2065 	89.420855
0.2075 	89.521648
0.2085 	89.622246
0.2095 	89.722324
0.2105 	89.822135
0.2115 	89.92166
0.2125 	90.020688
0.2135 	90.11953
0.2145 	90.217913
0.2155 	90.31601
0.2165 	90.413805
0.2175 	90.511171
0.2185 	90.608356
0.2195 	90.705046
0.2205 	90.801495
0.2215 	90.897687
0.2225 	90.993403
0.2235 	91.088946
0.2245 	91.184079
0.2255 	91.278934
0.2265 	91.373499
0.2275 	91.467684
0.2285 	91.561698
0.2295 	91.655234
0.2305 	91.748558
0.2315 	91.841655
0.2325 	91.934285
0.2335 	92.026754
0.2345 	92.118867
0.2355 	92.210704
0.2365 	92.302256
0.2375 	92.393481
0.2385 	92.484547
0.2395 	92.575135
0.2405 	92.665545
0.2415 	92.755766
0.2425 	92.845511
0.2435 	92.935108
0.2445 	93.024415
0.2455 	93.113435
0.2465 	93.20216
0.2475 	93.290634
0.2485 	93.378955
0.2495 	93.466773
0.2505 	93.554465
0.2515 	93.642017
0.2525 	93.729052
0.2535 	93.815952
0.2545 	93.902659
0.2555 	93.989043
0.2565 	94.075101
0.2575 	94.161021
0.2585 	94.246794
0.2595 	94.331989
0.2605 	94.417139
0.2615 	94.502228
0.2625 	94.586698
0.2635 	94.671048
0.2645 	94.755367
0.2655 	94.839277
0.2665 	94.922783
0.2675 	95.006354
0.2685 	95.089777
0.2695 	95.17244
0.2705 	95.255216
0.2715 	95.338084
0.2725 	95.420078
0.2735 	95.501973
0.2745 	95.584169
0.2755 	95.665748
0.2765 	95.746725
0.2775 	95.828203
0.2785 	95.90952
0.2795 	95.989623
0.2805 	96.07019
0.2815 	96.151189
0.2825 	96.230676
0.2835 	96.310108
0.2845 	96.39063
0.2855 	96.469978
0.2865 	96.54819
0.2875 	96.628058
0.2885 	96.707699
0.2895 	96.784764
0.2905 	96.863374
0.2915 	96.943462
0.2925 	97.019785
0.2935 	97.096246
0.2945 	97.176797
0.2955 	97.253673
0.2965 	97.326976
0.2975 	97.408088
0.2985 	97.488799
0.2995 	97.56004
