# Region type : patch heatedWall
# Faces         : 16200
# Area          : 1.50000000e-02
# Scale factor  : 1.00000000e+00
# Time          	areaAverage(T)
100             	6.47811459e+01
200             	6.59700050e+01
300             	6.63949140e+01
400             	6.66976627e+01
500             	6.69103194e+01
600             	6.70213850e+01
700             	6.70549860e+01
800             	6.70540329e+01
900             	6.70538961e+01
1000            	6.70513398e+01
1100            	6.70513187e+01
1200            	6.70511680e+01
1300            	6.70511569e+01
1400            	6.70511926e+01
1500            	6.70511818e+01
1600            	6.70512829e+01
1700            	6.70512905e+01
1800            	6.70513150e+01
1900            	6.70512786e+01
2000            	6.70513256e+01
2100            	6.70512925e+01
2200            	6.70512864e+01
2300            	6.70512961e+01
2400            	6.70512601e+01
2500            	6.70512659e+01
2600            	6.70512499e+01
2700            	6.70512897e+01
2800            	6.70513133e+01
2900            	6.70512209e+01
3000            	6.70512002e+01
3100            	6.70511304e+01
3200            	6.70513054e+01
3300            	6.70512471e+01
3400            	6.70512167e+01
3500            	6.70513154e+01
3600            	6.70513016e+01
3700            	6.70512765e+01
3800            	6.70513041e+01
3900            	6.70512745e+01
4000            	6.70512525e+01
4100            	6.70512627e+01
4200            	6.70511727e+01
4300            	6.70511249e+01
4400            	6.70512273e+01
4500            	6.70512472e+01
4600            	6.70511946e+01
4700            	6.70512005e+01
4800            	6.70511921e+01
4900            	6.70511731e+01
5000            	6.70510902e+01
5100            	6.70511572e+01
5200            	6.70511505e+01
5300            	6.70511545e+01
5400            	6.70511788e+01
5500            	6.70511435e+01
5600            	6.70511133e+01
5700            	6.70512132e+01
5800            	6.70511670e+01
5900            	6.70511685e+01
6000            	6.70511886e+01
