# Region type : patch heatedWall
# Faces         : 16200
# Area          : 1.50000000e-02
# Scale factor  : 1.00000000e+00
# Time          	areaAverage(T)
100             	5.79370839e+01
200             	5.65209155e+01
300             	5.53563387e+01
400             	5.52938769e+01
500             	5.52880090e+01
600             	5.52922224e+01
700             	5.52954649e+01
800             	5.52964545e+01
900             	5.52964986e+01
1000            	5.52964892e+01
1100            	5.52964883e+01
1200            	5.52964885e+01
1300            	5.52964883e+01
1400            	5.52964885e+01
1500            	5.52964883e+01
1600            	5.52964883e+01
1700            	5.52964879e+01
1800            	5.52964887e+01
1900            	5.52964885e+01
2000            	5.52964880e+01
2100            	5.52964884e+01
2200            	5.52964882e+01
2300            	5.52964883e+01
2400            	5.52964883e+01
2500            	5.52964881e+01
2600            	5.52964878e+01
2700            	5.52964882e+01
2800            	5.52964881e+01
2900            	5.52964883e+01
3000            	5.52964883e+01
3100            	5.52964883e+01
3200            	5.52964885e+01
3300            	5.52964883e+01
3400            	5.52964885e+01
3500            	5.52964886e+01
3600            	5.52964885e+01
3700            	5.52964885e+01
3800            	5.52964887e+01
3900            	5.52964887e+01
4000            	5.52964885e+01
4100            	5.52964883e+01
4200            	5.52964882e+01
4300            	5.52964884e+01
4400            	5.52964885e+01
4500            	5.52964887e+01
4600            	5.52964888e+01
4700            	5.52964885e+01
4800            	5.52964881e+01
4900            	5.52964883e+01
5000            	5.52964888e+01
5100            	5.52964884e+01
5200            	5.52964884e+01
5300            	5.52964885e+01
5400            	5.52964887e+01
5500            	5.52964884e+01
5600            	5.52964885e+01
5700            	5.52964885e+01
5800            	5.52964884e+01
5900            	5.52964883e+01
6000            	5.52964882e+01
6100            	5.52964882e+01
6200            	5.52964882e+01
6300            	5.52964882e+01
6400            	5.52964883e+01
6500            	5.52964881e+01
6600            	5.52964879e+01
6700            	5.52964880e+01
6800            	5.52964882e+01
6900            	5.52964883e+01
7000            	5.52964881e+01
7100            	5.52964883e+01
7200            	5.52964877e+01
7300            	5.52964873e+01
7400            	5.52964881e+01
7500            	5.52964881e+01
7600            	5.52964880e+01
7700            	5.52964886e+01
7800            	5.52964885e+01
7900            	5.52964883e+01
8000            	5.52964885e+01
