# Region type : patch heatedWall
# Faces         : 16200
# Area          : 1.50000000e-02
# Scale factor  : 1.00000000e+00
# Time          	areaAverage(T)
100             	7.81135686e+01
200             	7.83265802e+01
300             	7.84311754e+01
400             	7.84915993e+01
500             	7.85303152e+01
600             	7.85566908e+01
700             	7.85753438e+01
800             	7.85882985e+01
900             	7.85965278e+01
1000            	7.86008296e+01
1100            	7.86024737e+01
1200            	7.86028733e+01
1300            	7.86029271e+01
1400            	7.86029302e+01
1500            	7.86029302e+01
1600            	7.86029302e+01
1700            	7.86029302e+01
1800            	7.86029302e+01
1900            	7.86029302e+01
2000            	7.86029302e+01
2100            	7.86029302e+01
2200            	7.86029302e+01
2300            	7.86029302e+01
2400            	7.86029302e+01
2500            	7.86029302e+01
2600            	7.86029302e+01
2700            	7.86029302e+01
2800            	7.86029302e+01
2900            	7.86029302e+01
3000            	7.86029302e+01
3100            	7.86029302e+01
3200            	7.86029302e+01
3300            	7.86029302e+01
3400            	7.86029302e+01
3500            	7.86029302e+01
3600            	7.86029302e+01
3700            	7.86029302e+01
3800            	7.86029302e+01
3900            	7.86029302e+01
4000            	7.86029302e+01
4100            	7.86029302e+01
4200            	7.86029302e+01
4300            	7.86029302e+01
4400            	7.86029302e+01
4500            	7.86029302e+01
4600            	7.86029302e+01
4700            	7.86029302e+01
4800            	7.86029302e+01
4900            	7.86029302e+01
5000            	7.86029302e+01
5100            	7.86029302e+01
5200            	7.86029302e+01
5300            	7.86029302e+01
5400            	7.86029302e+01
5500            	7.86029302e+01
5600            	7.86029302e+01
5700            	7.86029302e+01
5800            	7.86029302e+01
5900            	7.86029302e+01
6000            	7.86029302e+01
6100            	7.86029302e+01
6200            	7.86029302e+01
6300            	7.86029302e+01
6400            	7.86029302e+01
6500            	7.86029302e+01
6600            	7.86029302e+01
6700            	7.86029302e+01
6800            	7.86029302e+01
6900            	7.86029302e+01
7000            	7.86029302e+01
7100            	7.86029302e+01
7200            	7.86029302e+01
7300            	7.86029302e+01
7400            	7.86029302e+01
7500            	7.86029302e+01
7600            	7.86029302e+01
7700            	7.86029302e+01
7800            	7.86029302e+01
7900            	7.86029302e+01
8000            	7.86029302e+01
