# Region type : patch inlet
# Faces         : 1620
# Area          : 5.00000000e-04
# Scale factor  : 1.00000000e+00
# Time          	sum(phi)
100             	-3.18000000e-03
200             	-3.18000000e-03
300             	-3.18000000e-03
400             	-3.18000000e-03
500             	-3.18000000e-03
600             	-3.18000000e-03
700             	-3.18000000e-03
800             	-3.18000000e-03
900             	-3.18000000e-03
1000            	-3.18000000e-03
1100            	-3.18000000e-03
1200            	-3.18000000e-03
1300            	-3.18000000e-03
1400            	-3.18000000e-03
1500            	-3.18000000e-03
1600            	-3.18000000e-03
1700            	-3.18000000e-03
1800            	-3.18000000e-03
1900            	-3.18000000e-03
2000            	-3.18000000e-03
2100            	-3.18000000e-03
2200            	-3.18000000e-03
2300            	-3.18000000e-03
2400            	-3.18000000e-03
2500            	-3.18000000e-03
2600            	-3.18000000e-03
2700            	-3.18000000e-03
2800            	-3.18000000e-03
2900            	-3.18000000e-03
3000            	-3.18000000e-03
3100            	-3.18000000e-03
3200            	-3.18000000e-03
3300            	-3.18000000e-03
3400            	-3.18000000e-03
3500            	-3.18000000e-03
3600            	-3.18000000e-03
3700            	-3.18000000e-03
3800            	-3.18000000e-03
3900            	-3.18000000e-03
4000            	-3.18000000e-03
4100            	-3.18000000e-03
4200            	-3.18000000e-03
4300            	-3.18000000e-03
4400            	-3.18000000e-03
4500            	-3.18000000e-03
4600            	-3.18000000e-03
4700            	-3.18000000e-03
4800            	-3.18000000e-03
4900            	-3.18000000e-03
5000            	-3.18000000e-03
5100            	-3.18000000e-03
5200            	-3.18000000e-03
5300            	-3.18000000e-03
5400            	-3.18000000e-03
5500            	-3.18000000e-03
5600            	-3.18000000e-03
5700            	-3.18000000e-03
5800            	-3.18000000e-03
5900            	-3.18000000e-03
6000            	-3.18000000e-03
6100            	-3.18000000e-03
6200            	-3.18000000e-03
6300            	-3.18000000e-03
6400            	-3.18000000e-03
6500            	-3.18000000e-03
6600            	-3.18000000e-03
6700            	-3.18000000e-03
6800            	-3.18000000e-03
6900            	-3.18000000e-03
7000            	-3.18000000e-03
7100            	-3.18000000e-03
7200            	-3.18000000e-03
7300            	-3.18000000e-03
7400            	-3.18000000e-03
7500            	-3.18000000e-03
7600            	-3.18000000e-03
7700            	-3.18000000e-03
7800            	-3.18000000e-03
7900            	-3.18000000e-03
8000            	-3.18000000e-03
