# Region type : patch heatedWall
# Faces         : 16200
# Area          : 1.50000000e-02
# Scale factor  : 1.00000000e+00
# Time          	areaAverage(T)
100             	7.84197984e+01
200             	7.84432682e+01
300             	7.85046661e+01
400             	7.85569519e+01
500             	7.86079623e+01
600             	7.86609259e+01
700             	7.87072718e+01
800             	7.87484115e+01
900             	7.87812868e+01
1000            	7.88049996e+01
1100            	7.88238921e+01
1200            	7.88400257e+01
1300            	7.88510082e+01
1400            	7.88619043e+01
1500            	7.88696573e+01
1600            	7.88757684e+01
1700            	7.88792915e+01
1800            	7.88828561e+01
1900            	7.88851656e+01
2000            	7.88849119e+01
2100            	7.88873313e+01
2200            	7.88892024e+01
2300            	7.88897884e+01
2400            	7.88901132e+01
2500            	7.88916168e+01
2600            	7.88911680e+01
2700            	7.88929364e+01
2800            	7.88920630e+01
2900            	7.88922959e+01
3000            	7.88927639e+01
3100            	7.88927746e+01
3200            	7.88925401e+01
3300            	7.88918098e+01
3400            	7.88925168e+01
3500            	7.88931837e+01
3600            	7.88941000e+01
3700            	7.88935244e+01
3800            	7.88940735e+01
3900            	7.88939997e+01
4000            	7.88942059e+01
4100            	7.88955243e+01
4200            	7.88942662e+01
4300            	7.88933783e+01
4400            	7.88950723e+01
4500            	7.88939937e+01
4600            	7.88945633e+01
4700            	7.88944069e+01
4800            	7.88949371e+01
4900            	7.88941737e+01
5000            	7.88936413e+01
5100            	7.88940375e+01
5200            	7.88943900e+01
5300            	7.88941869e+01
5400            	7.88948922e+01
5500            	7.88956032e+01
5600            	7.88950152e+01
5700            	7.88935206e+01
5800            	7.88942409e+01
5900            	7.88960281e+01
6000            	7.88956165e+01
6100            	7.88959659e+01
6200            	7.88961530e+01
6300            	7.88955948e+01
6400            	7.88952505e+01
6500            	7.88961029e+01
6600            	7.88953142e+01
6700            	7.88961614e+01
6800            	7.88955064e+01
6900            	7.88955401e+01
7000            	7.88957181e+01
7100            	7.88952924e+01
7200            	7.88964524e+01
7300            	7.88948799e+01
7400            	7.88947484e+01
7500            	7.88952940e+01
7600            	7.88950800e+01
7700            	7.88943200e+01
7800            	7.88956016e+01
7900            	7.88951085e+01
8000            	7.88945938e+01
8100            	7.88961623e+01
8200            	7.88949721e+01
8300            	7.88948297e+01
8400            	7.88957761e+01
8500            	7.88948474e+01
8600            	7.88958871e+01
8700            	7.88964638e+01
8800            	7.88950439e+01
8900            	7.88958486e+01
9000            	7.88960373e+01
9100            	7.88963875e+01
9200            	7.88953214e+01
9300            	7.88958180e+01
9400            	7.88952405e+01
9500            	7.88954126e+01
9600            	7.88946585e+01
9700            	7.88938480e+01
9800            	7.88952073e+01
9900            	7.88948927e+01
10000           	7.88952420e+01
