# Region type : patch outlet
# Faces         : 1620
# Area          : 5.00000000e-04
# Scale factor  : 1.00000000e+00
# Time          	areaAverage(p)
100             	9.99996617e+04
200             	9.99996769e+04
300             	9.99996770e+04
400             	9.99996722e+04
500             	9.99996734e+04
600             	9.99996744e+04
700             	9.99996732e+04
800             	9.99996750e+04
900             	9.99996744e+04
1000            	9.99996743e+04
1100            	9.99996736e+04
1200            	9.99996739e+04
1300            	9.99996743e+04
1400            	9.99996741e+04
1500            	9.99996739e+04
1600            	9.99996744e+04
1700            	9.99996731e+04
1800            	9.99996746e+04
1900            	9.99996749e+04
2000            	9.99996738e+04
2100            	9.99996744e+04
2200            	9.99996744e+04
2300            	9.99996744e+04
2400            	9.99996732e+04
2500            	9.99996737e+04
2600            	9.99996754e+04
2700            	9.99996742e+04
2800            	9.99996739e+04
2900            	9.99996740e+04
3000            	9.99996740e+04
3100            	9.99996746e+04
3200            	9.99996736e+04
3300            	9.99996741e+04
3400            	9.99996739e+04
3500            	9.99996735e+04
3600            	9.99996735e+04
3700            	9.99996740e+04
3800            	9.99996734e+04
3900            	9.99996740e+04
4000            	9.99996747e+04
4100            	9.99996743e+04
4200            	9.99996739e+04
4300            	9.99996743e+04
4400            	9.99996740e+04
4500            	9.99996748e+04
4600            	9.99996730e+04
4700            	9.99996744e+04
4800            	9.99996737e+04
4900            	9.99996744e+04
5000            	9.99996748e+04
5100            	9.99996749e+04
5200            	9.99996730e+04
5300            	9.99996743e+04
5400            	9.99996739e+04
5500            	9.99996749e+04
5600            	9.99996736e+04
5700            	9.99996759e+04
5800            	9.99996741e+04
5900            	9.99996745e+04
6000            	9.99996744e+04
