# Region type : patch coldPlate
# Faces       : 2212
# Area        : 2.431262e-01
# Scale factor: 1.000000e+00
# Time        	areaIntegrate(wallHeatFlux)
50            	-7.849145e-01
100           	-7.849012e-01
150           	-7.848924e-01
200           	-7.848841e-01
250           	-7.848766e-01
300           	-7.848743e-01
350           	-7.848742e-01
400           	-7.848739e-01
450           	-7.848735e-01
500           	-7.848733e-01
550           	-7.848732e-01
600           	-7.848732e-01
650           	-7.848731e-01
700           	-7.848731e-01
750           	-7.848731e-01
800           	-7.848731e-01
850           	-7.848731e-01
900           	-7.848730e-01
950           	-7.848730e-01
1000          	-7.848730e-01
1050          	-7.848730e-01
1100          	-7.848730e-01
1150          	-7.848730e-01
1200          	-7.848730e-01
1250          	-7.848730e-01
1300          	-7.848730e-01
1350          	-7.848730e-01
1400          	-7.848730e-01
1450          	-7.848730e-01
1500          	-7.848730e-01
1550          	-7.848730e-01
1600          	-7.848730e-01
1650          	-7.848730e-01
1700          	-7.848730e-01
1750          	-7.848730e-01
1800          	-7.848730e-01
1850          	-7.848730e-01
1900          	-7.848730e-01
1950          	-7.848730e-01
2000          	-7.848730e-01
2050          	-7.848730e-01
2100          	-7.848730e-01
2150          	-7.848730e-01
2200          	-7.848730e-01
2250          	-7.848730e-01
2300          	-7.848730e-01
2350          	-7.848730e-01
2400          	-7.848730e-01
2450          	-7.848730e-01
2500          	-7.848730e-01
2550          	-7.848730e-01
2600          	-7.848730e-01
2650          	-7.848730e-01
2700          	-7.848730e-01
2750          	-7.848730e-01
2800          	-7.848730e-01
2850          	-7.848730e-01
2900          	-7.848730e-01
