# Region type : patch heatedWall
# Faces         : 16200
# Area          : 1.50000000e-02
# Scale factor  : 1.00000000e+00
# Time          	areaAverage(T)
100             	7.79807490e+01
200             	8.35216042e+01
300             	8.57841363e+01
400             	8.67980194e+01
500             	8.71760182e+01
600             	8.73287526e+01
700             	8.73815596e+01
800             	8.73933174e+01
900             	8.73965057e+01
1000            	8.73972215e+01
1100            	8.73973372e+01
1200            	8.73973473e+01
1300            	8.73973433e+01
1400            	8.73973412e+01
1500            	8.73973445e+01
1600            	8.73973443e+01
1700            	8.73973451e+01
1800            	8.73973396e+01
1900            	8.73973374e+01
2000            	8.73973350e+01
2100            	8.73973451e+01
2200            	8.73973495e+01
2300            	8.73973524e+01
2400            	8.73973439e+01
2500            	8.73973414e+01
2600            	8.73973432e+01
2700            	8.73973487e+01
2800            	8.73973467e+01
2900            	8.73973388e+01
3000            	8.73973374e+01
3100            	8.73973386e+01
3200            	8.73973417e+01
3300            	8.73973380e+01
3400            	8.73973389e+01
3500            	8.73973419e+01
3600            	8.73973385e+01
3700            	8.73973401e+01
3800            	8.73973379e+01
3900            	8.73973362e+01
4000            	8.73973369e+01
4100            	8.73973448e+01
4200            	8.73973495e+01
4300            	8.73973483e+01
4400            	8.73973432e+01
4500            	8.73973442e+01
4600            	8.73973413e+01
4700            	8.73973443e+01
4800            	8.73973372e+01
4900            	8.73973335e+01
5000            	8.73973292e+01
5100            	8.73973314e+01
5200            	8.73973313e+01
5300            	8.73973319e+01
5400            	8.73973353e+01
5500            	8.73973472e+01
5600            	8.73973487e+01
5700            	8.73973478e+01
5800            	8.73973456e+01
5900            	8.73973438e+01
6000            	8.73973426e+01
