0.0005 	45
0.0015 	44.999999
0.0025 	44.999998
0.0035 	44.999998
0.0045 	44.999998
0.0055 	45
0.0065 	45.000003
0.0075 	45.000006
0.0085 	45.000013
0.0095 	45.000036
0.0105 	45.000063
0.0115 	45.000094
0.0125 	45.000165
0.0135 	45.000245
0.0145 	45.00033
0.0155 	45.000464
0.0165 	45.000646
0.0175 	45.000869
0.0185 	45.001123
0.0195 	45.001488
0.0205 	45.001839
0.0215 	45.002177
0.0225 	45.002669
0.0235 	45.003197
0.0245 	45.003751
0.0255 	45.004407
0.0265 	45.005166
0.0275 	45.00599
0.0285 	45.006859
0.0295 	45.007888
0.0305 	45.008982
0.0315 	45.010141
0.0325 	45.011542
0.0335 	45.013029
0.0345 	45.014707
0.0355 	45.016659
0.0365 	45.018884
0.0375 	45.021561
0.0385 	45.024503
0.0395 	45.028317
0.0405 	45.032432
0.0415 	45.036846
0.0425 	45.042754
0.0435 	45.049203
0.0445 	45.056869
0.0455 	45.065526
0.0465 	45.075176
0.0475 	45.086457
0.0485 	45.098434
0.0495 	45.112263
0.0505 	45.12724
0.0515 	45.143367
0.0525 	45.161315
0.0535 	45.180028
0.0545 	45.200742
0.0555 	45.222347
0.0565 	45.244843
0.0575 	45.269045
0.0585 	45.293833
0.0595 	45.319847
0.0605 	45.34669
0.0615 	45.374364
0.0625 	45.40283
0.0635 	45.43166
0.0645 	45.461529
0.0655 	45.491577
0.0665 	45.521806
0.0675 	45.552846
0.0685 	45.584048
0.0695 	45.615247
0.0705 	45.646812
0.0715 	45.678744
0.0725 	45.711067
0.0735 	45.743541
0.0745 	45.776383
0.0755 	45.809484
0.0765 	45.842844
0.0775 	45.876968
0.0785 	45.911375
0.0795 	45.94644
0.0805 	45.981954
0.0815 	46.017917
0.0825 	46.055648
0.0835 	46.094149
0.0845 	46.134734
0.0855 	46.177022
0.0865 	46.221013
0.0875 	46.267032
0.0885 	46.313952
0.0895 	46.363348
0.0905 	46.414151
0.0915 	46.466364
0.0925 	46.521074
0.0935 	46.57677
0.0945 	46.6349
0.0955 	46.694553
0.0965 	46.755731
0.0975 	46.819355
0.0985 	46.883911
0.0995 	46.950686
0.1005 	47.018844
0.1015 	47.088384
0.1025 	47.159875
0.1035 	47.232154
0.1045 	47.306427
0.1055 	47.38169
0.1065 	47.457945
0.1075 	47.535811
0.1085 	47.61426
0.1095 	47.694009
0.1105 	47.774518
0.1115 	47.855786
0.1125 	47.938031
0.1135 	48.020663
0.1145 	48.104245
0.1155 	48.188122
0.1165 	48.272294
0.1175 	48.357156
0.1185 	48.442206
0.1195 	48.527512
0.1205 	48.613062
0.1215 	48.698855
0.1225 	48.784703
0.1235 	48.870572
0.1245 	48.956489
0.1255 	49.042355
0.1265 	49.128172
0.1275 	49.213845
0.1285 	49.299429
0.1295 	49.384702
0.1305 	49.469763
0.1315 	49.55461
0.1325 	49.63895
0.1335 	49.723073
0.1345 	49.806614
0.1355 	49.889741
0.1365 	49.972454
0.1375 	50.054365
0.1385 	50.135938
0.1395 	50.216629
0.1405 	50.296883
0.1415 	50.376699
0.1425 	50.455576
0.1435 	50.534011
0.1445 	50.611177
0.1455 	50.687603
0.1465 	50.76329
0.1475 	50.837589
0.1485 	50.911305
0.1495 	50.9835
0.1505 	51.054658
0.1515 	51.124781
0.1525 	51.193324
0.1535 	51.261162
0.1545 	51.32706
0.1555 	51.391957
0.1565 	51.455852
0.1575 	51.517774
0.1585 	51.578937
0.1595 	51.638272
0.1605 	51.696399
0.1615 	51.753319
0.1625 	51.808348
0.1635 	51.862583
0.1645 	51.914741
0.1655 	51.965791
0.1665 	52.015732
0.1675 	52.06385
0.1685 	52.111233
0.1695 	52.156762
0.1705 	52.201211
0.1715 	52.24458
0.1725 	52.286174
0.1735 	52.327073
0.1745 	52.366281
0.1755 	52.404489
0.1765 	52.441696
0.1775 	52.477335
0.1785 	52.512358
0.1795 	52.545865
0.1805 	52.57852
0.1815 	52.610324
0.1825 	52.640312
0.1835 	52.669577
0.1845 	52.697046
0.1855 	52.723556
0.1865 	52.749107
0.1875 	52.773374
0.1885 	52.797209
0.1895 	52.820175
0.1905 	52.842751
0.1915 	52.864938
0.1925 	52.886587
0.1935 	52.90803
0.1945 	52.928978
0.1955 	52.949712
0.1965 	52.970234
0.1975 	52.990403
0.1985 	53.01045
0.1995 	53.030242
0.2005 	53.049847
0.2015 	53.069266
0.2025 	53.088683
0.2035 	53.108061
0.2045 	53.127242
0.2055 	53.146603
0.2065 	53.166144
0.2075 	53.185788
0.2085 	53.205545
0.2095 	53.22576
0.2105 	53.246093
0.2115 	53.266543
0.2125 	53.287593
0.2135 	53.308818
0.2145 	53.330322
0.2155 	53.352268
0.2165 	53.374656
0.2175 	53.39736
0.2185 	53.420294
0.2195 	53.444057
0.2205 	53.468015
0.2215 	53.492168
0.2225 	53.517262
0.2235 	53.542609
0.2245 	53.568287
0.2255 	53.594589
0.2265 	53.621517
0.2275 	53.648766
0.2285 	53.676305
0.2295 	53.704968
0.2305 	53.733815
0.2315 	53.762847
0.2325 	53.793264
0.2335 	53.824023
0.2345 	53.855105
0.2355 	53.886942
0.2365 	53.919533
0.2375 	53.952345
0.2385 	53.985463
0.2395 	54.019891
0.2405 	54.054426
0.2415 	54.089068
0.2425 	54.125047
0.2435 	54.161316
0.2445 	54.197701
0.2455 	54.234903
0.2465 	54.272924
0.2475 	54.31098
0.2485 	54.349317
0.2495 	54.389025
0.2505 	54.428714
0.2515 	54.468384
0.2525 	54.509395
0.2535 	54.550659
0.2545 	54.591851
0.2555 	54.633791
0.2565 	54.67648
0.2575 	54.719113
0.2585 	54.76195
0.2595 	54.805867
0.2605 	54.849804
0.2615 	54.893759
0.2625 	54.938543
0.2635 	54.983533
0.2645 	55.028723
0.2655 	55.074212
0.2665 	55.12
0.2675 	55.166242
0.2685 	55.212594
0.2695 	55.259036
0.2705 	55.305958
0.2715 	55.35336
0.2725 	55.400396
0.2735 	55.447601
0.2745 	55.496022
0.2755 	55.54396
0.2765 	55.591415
0.2775 	55.64056
0.2785 	55.6898
0.2795 	55.737829
0.2805 	55.787294
0.2815 	55.838193
0.2825 	55.887382
0.2835 	55.936967
0.2845 	55.990242
0.2855 	56.04211
0.2865 	56.09257
0.2875 	56.148835
0.2885 	56.205718
0.2895 	56.259891
0.2905 	56.319636
0.2915 	56.384951
0.2925 	56.448488
0.2935 	56.513939
0.2945 	56.590732
0.2955 	56.67248
0.2965 	56.759182
0.2975 	56.898491
0.2985 	57.039107
0.2995 	57.133644
