0 	45.246537
5.0251256e-05 	45.246588
0.00010050251 	45.24664
0.00015075377 	45.246691
0.00020100503 	45.246891
0.00025125628 	45.247864
0.00030150754 	45.248837
0.00035175879 	45.249811
0.00040201005 	45.250784
0.00045226131 	45.252817
0.00050251256 	45.256751
0.00055276382 	45.260684
0.00060301508 	45.264618
0.00065326633 	45.268551
0.00070351759 	45.272485
0.00075376884 	45.278584
0.0008040201 	45.288712
0.00085427136 	45.298841
0.00090452261 	45.308969
0.00095477387 	45.319098
0.0010050251 	45.329226
0.0010552764 	45.339355
0.0011055276 	45.349483
0.0011557789 	45.36882
0.0012060302 	45.390006
0.0012562814 	45.411192
0.0013065327 	45.432378
0.0013567839 	45.453564
0.0014070352 	45.47475
0.0014572864 	45.495936
0.0015075377 	45.517122
0.0015577889 	45.538308
0.0016080402 	45.567202
0.0016582915 	45.606355
0.0017085427 	45.645507
0.001758794 	45.68466
0.0018090452 	45.723813
0.0018592965 	45.762965
0.0019095477 	45.802118
0.001959799 	45.84127
0.0020100503 	45.880423
0.0020603015 	45.919576
0.0021105528 	45.958728
0.002160804 	45.997881
0.0022110553 	46.053844
0.0022613065 	46.118293
0.0023115578 	46.182742
0.002361809 	46.247191
0.0024120603 	46.311639
0.0024623116 	46.376088
0.0025125628 	46.440537
0.0025628141 	46.504986
0.0026130653 	46.569435
0.0026633166 	46.633883
0.0027135678 	46.698332
0.0027638191 	46.762781
0.0028140704 	46.82723
0.0028643216 	46.891678
0.0029145729 	46.956127
0.0029648241 	47.046171
0.0030150754 	47.137652
0.0030653266 	47.229133
0.0031155779 	47.320613
0.0031658291 	47.412094
0.0032160804 	47.503575
0.0032663317 	47.595056
0.0033165829 	47.686537
0.0033668342 	47.778018
0.0034170854 	47.869498
0.0034673367 	47.960979
0.0035175879 	48.05246
0.0035678392 	48.143941
0.0036180905 	48.235422
0.0036683417 	48.326903
0.003718593 	48.418383
0.0037688442 	48.509864
0.0038190955 	48.601345
0.0038693467 	48.699055
0.003919598 	48.80219
0.0039698492 	48.905325
0.0040201005 	49.00846
0.0040703518 	49.111596
0.004120603 	49.214731
0.0041708543 	49.317866
0.0042211055 	49.421001
0.0042713568 	49.524136
0.004321608 	49.627272
0.0043718593 	49.730407
0.0044221106 	49.833542
0.0044723618 	49.936677
0.0045226131 	50.039812
0.0045728643 	50.142948
0.0046231156 	50.246083
0.0046733668 	50.349218
0.0047236181 	50.452353
0.0047738693 	50.555489
0.0048241206 	50.658624
0.0048743719 	50.761759
0.0049246231 	50.864894
0.0049748744 	50.968029
0.0050251256 	51.074565
0.0050753769 	51.1845
0.0051256281 	51.294436
0.0051758794 	51.404371
0.0052261307 	51.514307
0.0052763819 	51.624242
0.0053266332 	51.734177
0.0053768844 	51.844113
0.0054271357 	51.954048
0.0054773869 	52.063984
0.0055276382 	52.173919
0.0055778894 	52.283855
0.0056281407 	52.39379
0.005678392 	52.503726
0.0057286432 	52.613661
0.0057788945 	52.723597
0.0058291457 	52.833532
0.005879397 	52.943468
0.0059296482 	53.053403
0.0059798995 	53.163338
0.0060301508 	53.273274
0.006080402 	53.383209
0.0061306533 	53.493145
0.0061809045 	53.611661
0.0062311558 	53.740028
0.006281407 	53.868396
0.0063316583 	53.996763
0.0063819095 	54.12513
0.0064321608 	54.253498
0.0064824121 	54.381865
0.0065326633 	54.510232
0.0065829146 	54.6386
0.0066331658 	54.766967
0.0066834171 	54.895334
0.0067336683 	55.023702
0.0067839196 	55.152069
0.0068341709 	55.280436
0.0068844221 	55.408804
0.0069346734 	55.537171
0.0069849246 	55.665538
0.0070351759 	55.793906
0.0070854271 	55.92293
0.0071356784 	56.063649
0.0071859296 	56.204369
0.0072361809 	56.345088
0.0072864322 	56.485807
0.0073366834 	56.626527
0.0073869347 	56.767246
0.0074371859 	56.907966
0.0074874372 	57.048685
0.0075376884 	57.189404
0.0075879397 	57.330124
0.007638191 	57.470843
0.0076884422 	57.611562
0.0077386935 	57.752282
0.0077889447 	57.893001
0.007839196 	58.030287
0.0078894472 	58.160769
0.0079396985 	58.291251
0.0079899497 	58.421734
0.008040201 	58.552216
0.0080904523 	58.682699
0.0081407035 	58.813181
0.0081909548 	58.943663
0.008241206 	59.074146
0.0082914573 	59.204628
0.0083417085 	59.335111
0.0083919598 	59.465593
0.0084422111 	59.579676
0.0084924623 	59.681438
0.0085427136 	59.783199
0.0085929648 	59.884961
0.0086432161 	59.986723
0.0086934673 	60.088485
0.0087437186 	60.190247
0.0087939698 	60.292009
0.0088442211 	60.393771
0.0088944724 	60.48958
0.0089447236 	60.555745
0.0089949749 	60.62191
0.0090452261 	60.688074
0.0090954774 	60.754239
0.0091457286 	60.820404
0.0091959799 	60.886569
0.0092462312 	60.952734
0.0092964824 	60.99869
0.0093467337 	61.033784
0.0093969849 	61.068879
0.0094472362 	61.103973
0.0094974874 	61.139067
0.0095477387 	61.174162
0.0095979899 	61.195715
0.0096482412 	61.209715
0.0096984925 	61.223715
0.0097487437 	61.237715
0.009798995 	61.251715
0.0098492462 	61.256615
0.0098994975 	61.25977
0.0099497487 	61.262925
0.01 	61.266079
