0.0005 	45.000002
0.0015 	45.000003
0.0025 	45.000003
0.0035 	45.000004
0.0045 	45.000016
0.0055 	45.00004
0.0065 	45.000077
0.0075 	45.000189
0.0085 	45.000332
0.0095 	45.000556
0.0105 	45.000825
0.0115 	45.00114
0.0125 	45.001511
0.0135 	45.001896
0.0145 	45.002294
0.0155 	45.00269
0.0165 	45.003085
0.0175 	45.00344
0.0185 	45.003778
0.0195 	45.004073
0.0205 	45.00433
0.0215 	45.004549
0.0225 	45.004699
0.0235 	45.004824
0.0245 	45.004899
0.0255 	45.004948
0.0265 	45.004972
0.0275 	45.004959
0.0285 	45.004932
0.0295 	45.004878
0.0305 	45.00481
0.0315 	45.004731
0.0325 	45.004639
0.0335 	45.004545
0.0345 	45.004445
0.0355 	45.004345
0.0365 	45.004245
0.0375 	45.004151
0.0385 	45.00406
0.0395 	45.003972
0.0405 	45.003889
0.0415 	45.003809
0.0425 	45.003739
0.0435 	45.003671
0.0445 	45.003614
0.0455 	45.003562
0.0465 	45.003516
0.0475 	45.003481
0.0485 	45.003449
0.0495 	45.003427
0.0505 	45.003412
0.0515 	45.003403
0.0525 	45.003403
0.0535 	45.003407
0.0545 	45.003422
0.0555 	45.003442
0.0565 	45.003468
0.0575 	45.003503
0.0585 	45.003543
0.0595 	45.003589
0.0605 	45.003642
0.0615 	45.003701
0.0625 	45.003766
0.0635 	45.003835
0.0645 	45.003914
0.0655 	45.003997
0.0665 	45.004083
0.0675 	45.00418
0.0685 	45.004281
0.0695 	45.004388
0.0705 	45.004501
0.0715 	45.004619
0.0725 	45.004747
0.0735 	45.004878
0.0745 	45.005023
0.0755 	45.00517
0.0765 	45.005322
0.0775 	45.005487
0.0785 	45.005658
0.0795 	45.005835
0.0805 	45.00602
0.0815 	45.006212
0.0825 	45.006417
0.0835 	45.006628
0.0845 	45.006855
0.0855 	45.007094
0.0865 	45.007345
0.0875 	45.007613
0.0885 	45.00789
0.0895 	45.008192
0.0905 	45.008511
0.0915 	45.008845
0.0925 	45.009216
0.0935 	45.009602
0.0945 	45.010028
0.0955 	45.010483
0.0965 	45.010968
0.0975 	45.011506
0.0985 	45.012067
0.0995 	45.012693
0.1005 	45.013364
0.1015 	45.014078
0.1025 	45.014882
0.1035 	45.015724
0.1045 	45.016672
0.1055 	45.01769
0.1065 	45.01878
0.1075 	45.020003
0.1085 	45.021283
0.1095 	45.022714
0.1105 	45.024248
0.1115 	45.025887
0.1125 	45.027724
0.1135 	45.029645
0.1145 	45.031786
0.1155 	45.034066
0.1165 	45.036484
0.1175 	45.039147
0.1185 	45.041912
0.1195 	45.044934
0.1205 	45.048115
0.1215 	45.051453
0.1225 	45.055058
0.1235 	45.058766
0.1245 	45.06272
0.1255 	45.066836
0.1265 	45.071116
0.1275 	45.075702
0.1285 	45.080415
0.1295 	45.085456
0.1305 	45.0907
0.1315 	45.096147
0.1325 	45.101946
0.1335 	45.107889
0.1345 	45.114196
0.1355 	45.120727
0.1365 	45.127482
0.1375 	45.134615
0.1385 	45.141902
0.1395 	45.149575
0.1405 	45.157481
0.1415 	45.165619
0.1425 	45.174149
0.1435 	45.182836
0.1445 	45.191915
0.1455 	45.201229
0.1465 	45.210777
0.1475 	45.220715
0.1485 	45.230809
0.1495 	45.241294
0.1505 	45.252011
0.1515 	45.26296
0.1525 	45.274291
0.1535 	45.285772
0.1545 	45.297626
0.1555 	45.3097
0.1565 	45.321995
0.1575 	45.33465
0.1585 	45.347448
0.1595 	45.360594
0.1605 	45.373949
0.1615 	45.38751
0.1625 	45.401403
0.1635 	45.415426
0.1645 	45.429772
0.1655 	45.444304
0.1665 	45.459023
0.1675 	45.474043
0.1685 	45.489181
0.1695 	45.504608
0.1705 	45.520202
0.1715 	45.535963
0.1725 	45.551991
0.1735 	45.568123
0.1745 	45.584511
0.1755 	45.601046
0.1765 	45.617728
0.1775 	45.634642
0.1785 	45.651647
0.1795 	45.668875
0.1805 	45.68623
0.1815 	45.703711
0.1825 	45.721396
0.1835 	45.739159
0.1845 	45.757112
0.1855 	45.775174
0.1865 	45.793346
0.1875 	45.811687
0.1885 	45.830094
0.1895 	45.848662
0.1905 	45.867321
0.1915 	45.886071
0.1925 	45.904962
0.1935 	45.923908
0.1945 	45.94299
0.1955 	45.96215
0.1965 	45.981388
0.1975 	46.000747
0.1985 	46.020154
0.1995 	46.03968
0.2005 	46.059273
0.2015 	46.078932
0.2025 	46.0987
0.2035 	46.118511
0.2045 	46.138425
0.2055 	46.158404
0.2065 	46.178448
0.2075 	46.198594
0.2085 	46.218782
0.2095 	46.239075
0.2105 	46.25943
0.2115 	46.279849
0.2125 	46.300364
0.2135 	46.320919
0.2145 	46.341577
0.2155 	46.362292
0.2165 	46.383063
0.2175 	46.403938
0.2185 	46.424853
0.2195 	46.445857
0.2205 	46.466926
0.2215 	46.488061
0.2225 	46.509282
0.2235 	46.530543
0.2245 	46.55192
0.2255 	46.573346
0.2265 	46.594821
0.2275 	46.616421
0.2285 	46.638062
0.2295 	46.659782
0.2305 	46.681583
0.2315 	46.703465
0.2325 	46.725421
0.2335 	46.747421
0.2345 	46.769568
0.2355 	46.791758
0.2365 	46.813991
0.2375 	46.836382
0.2385 	46.858818
0.2395 	46.881327
0.2405 	46.903942
0.2415 	46.926662
0.2425 	46.949455
0.2435 	46.972301
0.2445 	46.995343
0.2455 	47.018425
0.2465 	47.041546
0.2475 	47.064883
0.2485 	47.088273
0.2495 	47.111709
0.2505 	47.135288
0.2515 	47.159009
0.2525 	47.182753
0.2535 	47.206555
0.2545 	47.230626
0.2555 	47.254692
0.2565 	47.278753
0.2575 	47.303127
0.2585 	47.327554
0.2595 	47.35193
0.2605 	47.376527
0.2615 	47.401344
0.2625 	47.426057
0.2635 	47.450834
0.2645 	47.47604
0.2655 	47.501145
0.2665 	47.526148
0.2675 	47.551648
0.2685 	47.577198
0.2695 	47.602506
0.2705 	47.628155
0.2715 	47.654147
0.2725 	47.679814
0.2735 	47.705546
0.2745 	47.731931
0.2755 	47.758063
0.2765 	47.783942
0.2775 	47.810573
0.2785 	47.837244
0.2795 	47.863366
0.2805 	47.890023
0.2815 	47.917214
0.2825 	47.943676
0.2835 	47.970206
0.2845 	47.997809
0.2855 	48.024847
0.2865 	48.051318
0.2875 	48.079033
0.2885 	48.106781
0.2895 	48.133449
0.2905 	48.160878
0.2915 	48.189068
0.2925 	48.216226
0.2935 	48.243437
0.2945 	48.271952
0.2955 	48.299703
0.2965 	48.32669
0.2975 	48.356918
0.2985 	48.387291
0.2995 	48.41515
