/*--------------------------------*- C++ -*----------------------------------*\
| =========                 |                                                 |
| \\      /  F ield         | OpenFOAM: The Open Source CFD Toolbox           |
|  \\    /   O peration     | Version:  2412                                  |
|   \\  /    A nd           | Website:  www.openfoam.com                      |
|    \\/     M anipulation  |                                                 |
\*---------------------------------------------------------------------------*/
FoamFile
{
    version     2.0;
    format      ascii;
    arch        "LSB;label=32;scalar=64";
    class       labelListList;
    location    "constant/domain1";
    object      finalAgglom;
}
// * * * * * * * * * * * * * * * * * * * * * * * * * * * * * * * * * * * * * //


8
(

1346
(
0
1
1
2
2
3
4
4
5
6
7
7
0
1
1
8
8
8
5
9
10
10
6
11
7
7
7
7
8
8
8
8
5
9
9
12
13
14
11
11
15
15
16
16
16
8
8
17
5
9
9
12
13
13
18
14
11
11
15
19
20
20
21
17
17
17
22
22
9
23
23
24
24
25
18
18
11
26
27
28
29
30
21
17
17
22
22
22
22
23
23
23
24
31
31
18
26
26
27
28
32
33
34
17
17
22
22
35
35
36
36
37
38
39
40
40
31
31
26
26
41
41
42
42
34
43
43
43
44
45
45
46
36
37
38
39
47
47
48
31
26
26
41
41
42
42
49
43
43
43
44
50
51
52
53
37
54
39
55
56
48
48
57
26
58
58
41
42
42
49
49
49
43
59
59
60
61
53
37
54
55
62
63
48
48
57
57
58
58
64
64
64
49
49
49
43
65
66
66
67
67
54
54
55
62
63
48
48
57
57
68
58
69
64
64
70
70
49
65
65
66
66
67
67
54
54
71
62
63
48
72
72
68
73
74
69
64
64
64
70
70
65
65
66
66
67
67
54
75
71
71
76
77
72
72
78
79
80
80
80
80
70
70
70
70
81
81
81
81
54
75
75
75
76
77
72
78
82
83
84
85
80
80
80
86
87
88
89
81
81
81
81
90
91
91
92
92
72
93
82
83
83
94
94
94
94
86
87
88
89
95
90
90
90
90
96
96
92
97
93
93
93
93
94
94
94
94
98
99
100
101
95
90
90
90
102
102
96
103
97
97
104
104
104
104
104
104
105
106
107
108
109
109
109
110
110
102
111
111
112
104
104
113
113
105
105
114
114
115
115
109
109
109
116
116
111
112
117
113
113
113
105
105
105
105
105
118
118
118
119
116
112
117
120
121
113
122
122
122
122
123
123
118
124
119
120
121
121
125
125
122
122
123
126
124
124
121
121
125
127
127
126
1
1
2
2
2
2
3
3
3
3
4
4
11
0
0
0
0
0
0
0
0
1
4
4
4
4
5
5
5
10
10
6
6
6
6
11
11
9
10
10
10
12
14
14
14
13
13
18
18
14
13
13
25
25
18
24
24
25
25
25
25
24
24
24
24
40
40
31
39
39
40
40
40
39
39
39
47
47
47
47
47
55
55
39
55
56
56
62
63
63
62
63
63
71
63
63
75
76
76
76
76
76
75
75
75
75
76
76
76
91
91
91
92
92
96
96
92
103
103
72
102
102
102
103
103
110
102
111
111
116
116
111
111
116
116
117
112
117
117
117
124
119
119
119
116
117
120
120
120
121
121
121
121
121
126
126
123
126
126
126
124
124
121
121
125
127
127
126
1
2
2
2
2
2
2
3
3
3
4
4
7
7
7
7
7
0
7
1
0
8
8
8
5
5
5
9
9
10
6
6
6
11
11
11
9
9
10
12
12
12
14
14
14
11
11
6
12
12
12
13
13
13
18
18
18
14
14
14
19
29
20
29
20
30
30
128
23
23
23
24
24
24
25
18
18
28
129
29
130
130
33
131
30
23
24
24
31
31
31
38
38
38
40
40
40
51
52
45
52
46
46
38
38
38
47
48
48
132
51
133
46
56
56
56
60
134
61
134
67
133
55
62
55
63
56
56
71
62
62
63
63
56
71
71
62
63
48
63
78
73
73
73
74
74
75
75
71
77
77
77
82
135
136
136
79
91
91
75
77
77
77
82
83
135
83
84
84
90
91
91
92
72
92
96
96
96
97
97
97
98
107
99
108
137
108
138
89
103
103
97
103
103
97
106
139
107
139
138
108
138
138
138
110
110
110
110
110
110
111
111
111
112
112
104
119
116
116
116
116
116
112
112
112
117
117
117
118
119
119
119
116
116
120
120
120
121
113
113
123
123
123
123
118
118
118
124
124
125
125
125
125
125
122
127
127
122
127
127
122
15
15
15
15
20
15
20
20
16
20
16
16
16
16
16
27
27
15
19
29
29
29
128
128
21
21
21
27
27
27
28
131
131
30
21
21
21
41
41
27
28
129
129
32
32
32
32
32
131
34
34
34
35
35
35
35
35
35
36
36
36
36
37
23
50
51
45
36
37
37
44
132
51
50
50
51
52
52
46
53
53
37
59
60
60
60
61
61
61
134
133
53
53
53
66
66
60
66
66
134
67
67
67
67
67
53
57
57
57
68
68
68
68
58
58
58
69
69
72
78
57
140
140
68
73
141
58
74
79
69
72
78
78
135
135
140
136
85
79
78
78
78
82
82
82
83
84
136
84
85
85
93
93
93
93
93
83
93
93
83
94
94
94
86
86
86
99
99
87
100
137
88
101
89
89
95
95
81
94
98
98
98
98
99
100
137
100
101
101
101
95
95
95
102
102
102
105
106
106
107
107
107
139
139
108
108
108
109
109
95
114
114
114
114
114
114
115
115
115
115
115
115
109
109
109
19
19
28
19
19
19
29
29
19
29
29
29
29
29
30
128
29
128
128
30
128
128
128
28
28
129
28
28
28
130
130
130
130
130
130
33
33
33
131
33
131
30
131
131
51
45
45
52
45
51
46
46
52
46
46
46
132
132
132
51
133
52
53
52
133
46
52
53
134
61
60
61
61
134
61
61
61
67
134
134
133
133
67
133
133
133
140
140
140
73
140
140
68
140
73
141
141
73
74
141
141
58
141
74
82
135
135
135
135
135
140
135
136
136
136
136
141
141
79
135
83
83
136
84
84
98
98
98
107
107
107
99
100
100
137
137
137
137
108
101
101
106
106
106
139
106
106
107
107
139
139
139
139
138
139
139
108
139
108
138
108
138
32
32
32
33
33
33
41
41
129
42
42
42
42
42
42
34
34
34
44
44
44
44
44
44
59
59
59
65
65
65
69
64
64
74
69
69
79
64
69
79
79
79
85
85
80
84
85
85
85
80
85
86
86
86
87
87
87
88
88
88
89
89
89
129
129
129
32
32
32
131
32
32
45
50
50
132
132
132
50
50
50
60
59
59
60
60
60
74
74
74
85
85
136
99
87
87
99
99
99
100
88
100
89
88
137
101
89
89
)


2212
(
0
1
1
2
3
3
4
5
5
6
0
0
7
7
2
2
4
4
8
8
8
9
10
6
11
12
12
13
13
14
14
15
15
16
16
9
17
10
18
18
11
19
19
13
20
21
22
22
23
23
24
9
17
17
25
25
25
26
27
28
29
30
31
21
32
33
33
24
24
34
34
34
35
36
36
37
37
26
38
39
39
40
41
42
42
32
33
43
43
44
44
35
45
46
47
48
37
49
50
51
52
53
54
55
55
56
57
58
59
59
60
60
45
61
62
46
47
48
49
63
50
64
65
66
67
68
68
56
56
58
69
70
71
72
72
61
62
73
74
75
63
63
76
64
65
66
67
77
77
78
78
79
80
70
81
82
82
83
83
84
73
74
75
85
85
76
86
86
66
87
87
88
89
89
79
90
91
91
92
82
93
83
94
95
96
97
97
98
98
86
99
99
100
87
88
101
101
102
103
104
105
106
106
93
107
108
95
96
109
109
110
111
112
112
113
100
114
114
101
115
116
102
117
105
118
106
119
107
108
120
120
121
122
123
124
125
125
113
126
126
127
127
115
116
128
128
129
118
130
119
131
132
133
134
135
136
137
138
138
139
126
140
140
141
141
142
142
128
129
143
130
144
131
132
133
134
134
145
146
147
148
139
139
149
140
150
150
141
142
151
151
152
143
153
144
154
154
155
156
157
158
159
148
160
160
149
161
162
163
164
165
166
151
152
167
153
144
168
155
156
157
158
159
169
169
160
161
170
171
172
173
174
166
175
176
167
153
153
168
177
177
177
178
179
180
169
181
182
182
183
184
174
175
175
176
167
185
186
186
187
178
179
180
181
181
188
188
189
190
191
192
175
175
185
185
186
187
187
193
193
194
194
195
196
197
198
199
192
192
200
200
201
201
202
203
203
195
195
196
196
198
198
204
205
205
202
203
206
207
207
208
208
209
209
204
205
206
206
210
210
210
209
1
1
3
1
3
3
3
3
4
3
4
4
0
0
0
0
1
1
0
1
1
1
1
1
1
2
2
2
3
4
2
4
4
4
5
5
4
5
5
5
5
5
5
10
10
10
6
6
6
0
12
6
0
12
12
7
7
12
7
7
7
2
14
7
2
14
14
4
15
14
4
15
15
8
8
15
8
8
8
8
8
8
9
9
10
10
10
18
18
18
6
6
6
11
11
11
12
19
19
12
19
19
13
13
13
13
20
20
14
22
20
14
22
22
15
16
22
15
16
16
16
9
16
16
9
9
9
9
9
17
17
10
25
25
10
10
10
18
18
18
11
18
18
11
11
11
19
211
28
19
30
211
13
31
30
20
20
20
21
21
21
22
32
32
22
23
32
23
23
23
23
24
23
24
24
24
9
9
24
17
17
17
17
17
25
36
36
25
36
36
25
37
37
26
26
37
26
26
26
27
27
27
27
39
39
30
27
31
212
40
21
21
41
21
21
21
32
32
42
33
33
32
33
43
33
24
43
43
24
44
43
34
44
44
34
34
44
35
35
34
35
35
62
36
36
36
36
36
36
37
48
48
26
49
37
38
38
49
38
38
38
39
213
51
53
214
212
54
53
42
42
54
42
42
42
42
42
42
33
57
56
57
57
57
43
58
58
43
59
59
44
44
59
34
60
44
35
60
35
45
45
45
45
62
62
62
46
46
46
47
47
47
48
48
48
49
49
49
50
50
63
50
50
50
52
52
51
53
215
52
54
216
215
55
55
54
55
55
55
55
55
55
57
56
56
57
57
56
58
58
58
59
59
59
217
217
59
60
60
60
60
72
60
45
45
45
61
61
62
62
62
46
46
46
47
47
47
48
75
75
49
63
63
50
50
63
64
64
50
65
65
64
66
66
65
216
66
66
67
67
67
68
68
68
68
68
68
56
218
56
218
218
218
69
80
79
70
219
69
71
217
70
72
72
81
72
72
72
61
61
72
61
83
83
84
84
62
84
84
73
73
73
74
74
74
75
75
75
63
85
85
76
76
85
64
64
76
65
65
64
65
65
65
66
66
66
67
67
67
77
77
77
77
77
77
78
78
78
78
78
78
80
220
79
219
220
221
91
81
81
91
82
82
82
61
93
82
83
83
83
83
84
84
84
94
94
73
73
73
74
74
74
75
97
97
85
85
97
85
85
85
76
76
76
86
86
86
86
99
86
66
99
99
87
87
99
87
87
87
88
88
88
89
89
89
89
89
89
220
222
222
90
223
103
91
223
223
92
92
223
82
82
92
93
93
82
83
107
93
107
94
94
94
94
94
95
95
95
96
96
96
97
97
109
97
97
97
98
98
98
98
98
98
99
99
112
99
99
99
100
100
99
87
100
100
87
114
114
88
88
88
101
101
101
102
102
101
222
102
102
104
117
102
223
117
117
105
105
105
106
106
118
93
119
106
107
107
93
107
108
108
94
120
108
95
95
95
96
96
96
109
109
109
110
123
224
110
124
123
111
111
124
112
112
111
112
112
112
113
113
113
100
100
100
114
127
100
114
114
114
101
115
101
115
115
115
102
102
116
117
117
102
117
117
117
105
105
105
106
118
118
119
119
106
107
131
119
131
108
108
120
120
108
120
120
120
121
121
120
122
136
121
123
136
136
124
225
136
111
226
225
125
125
125
125
125
125
113
113
113
126
126
126
127
127
126
127
115
127
127
115
115
115
116
115
116
116
116
128
128
116
128
227
128
129
129
129
118
118
118
119
130
130
131
131
119
131
132
132
132
132
132
133
133
133
135
135
134
136
228
135
229
135
137
230
146
226
147
230
138
138
138
138
138
138
139
139
139
126
126
126
140
140
140
140
150
150
141
150
150
141
141
141
142
142
142
128
151
142
227
227
151
129
129
129
118
143
143
130
130
130
131
131
144
131
132
154
154
133
133
133
134
134
134
228
228
134
229
229
228
230
158
229
147
159
158
148
148
148
139
139
148
149
149
139
161
161
149
140
140
140
150
163
150
150
164
150
141
165
141
142
166
165
151
166
166
227
227
151
152
152
152
143
143
143
130
144
153
144
144
144
154
154
154
154
154
155
155
155
156
156
156
157
157
157
158
158
158
159
159
159
148
148
148
160
160
169
149
149
160
161
161
161
162
171
170
163
172
171
164
231
172
165
173
231
165
165
165
166
166
166
227
227
151
152
152
152
143
167
167
144
144
153
144
144
154
168
168
168
155
155
155
156
156
156
157
157
157
158
158
158
159
159
159
169
169
169
160
181
169
149
182
160
161
170
170
171
183
170
172
172
183
232
233
173
184
233
174
174
174
166
166
166
227
175
175
176
176
176
167
167
167
153
153
153
168
168
177
177
168
177
177
177
178
178
177
179
179
178
180
180
179
169
169
180
181
169
169
182
182
181
182
182
182
183
189
182
172
234
189
233
234
234
184
191
233
174
174
174
175
175
175
175
175
175
167
176
176
167
185
176
185
185
186
186
186
186
186
178
178
187
179
179
178
180
180
179
181
181
180
181
181
181
188
188
181
188
188
188
189
189
188
190
197
197
191
190
190
191
199
199
192
192
192
175
200
192
175
200
200
185
185
185
185
185
186
186
187
187
201
187
193
187
193
193
193
193
194
193
194
194
194
194
195
194
195
195
195
196
196
196
197
196
196
190
198
198
199
199
198
192
199
199
192
205
199
200
200
205
185
200
201
201
201
201
201
202
202
202
203
203
203
203
207
203
195
207
207
195
208
207
196
208
208
196
209
208
198
209
209
198
204
209
204
204
204
205
205
205
200
205
201
202
202
206
206
202
206
206
206
207
210
206
207
210
210
208
210
210
208
209
210
209
209
209
204
204
209
204
204
206
210
210
210
209
209
213
219
219
219
70
221
137
137
137
145
145
145
232
232
172
184
233
233
27
27
27
39
27
27
27
29
214
214
53
213
214
214
215
214
214
217
217
217
70
217
70
80
80
220
219
220
220
220
229
135
137
137
137
146
137
137
146
229
145
229
163
231
231
232
232
232
233
233
234
233
233
233
28
27
27
29
29
29
30
30
30
31
31
31
39
38
38
40
40
40
41
41
41
51
51
51
214
214
52
215
215
215
54
54
54
69
69
69
217
217
70
79
79
79
81
81
221
79
222
222
90
90
220
91
235
235
91
92
92
103
103
103
104
104
104
224
224
122
124
124
123
124
226
225
136
135
135
146
146
229
147
230
230
162
162
162
164
164
163
165
165
164
171
236
236
173
232
232
236
237
237
234
237
197
197
197
190
190
190
191
191
191
28
28
211
29
211
211
211
211
29
31
13
20
211
13
30
27
27
39
30
29
29
29
30
212
30
30
40
30
212
30
30
40
31
31
41
213
213
39
213
213
213
38
38
51
212
212
40
216
212
212
53
53
53
41
41
54
52
51
51
51
51
52
215
215
215
52
215
215
54
216
216
216
216
54
215
215
216
69
218
58
80
218
69
218
218
79
70
69
69
219
69
70
69
69
219
71
217
217
71
71
81
80
80
80
79
79
79
221
221
221
91
221
221
221
91
221
81
91
220
220
220
222
220
220
222
222
222
235
90
90
103
90
235
220
90
103
92
235
91
223
235
92
235
235
223
92
92
92
103
102
222
104
103
103
104
104
223
224
224
110
109
109
224
124
110
110
110
110
124
111
111
124
122
121
121
121
121
122
123
224
224
136
122
123
122
122
136
225
124
124
225
124
225
123
124
136
125
226
111
226
226
125
225
226
225
135
135
121
228
135
135
135
136
135
135
135
147
147
226
147
147
147
137
137
147
228
228
228
157
145
229
145
145
157
230
146
146
158
158
158
229
158
158
148
230
147
230
159
159
170
162
162
163
162
163
171
162
163
162
162
171
164
164
164
231
231
231
173
165
165
231
165
173
170
170
170
183
170
170
172
172
171
236
172
172
236
236
236
173
173
173
184
173
173
233
232
184
183
183
183
189
189
189
237
237
236
197
237
237
237
237
197
234
234
234
237
234
234
184
184
184
191
184
184
190
197
197
191
190
190
71
71
71
28
28
28
156
228
228
192
191
191
)


3456
(
0
1
2
3
4
4
5
5
6
7
8
9
9
10
10
11
11
12
13
14
15
16
16
17
18
19
20
21
21
22
22
23
24
25
2
26
4
4
5
27
6
27
8
9
28
10
10
29
11
30
13
14
15
16
17
17
18
19
20
21
21
22
22
23
24
25
31
26
31
32
32
27
33
27
34
28
28
35
35
29
29
30
36
37
15
16
17
38
39
40
41
41
42
43
43
23
24
44
31
45
46
47
32
48
33
49
34
28
28
35
35
50
50
51
36
52
53
54
38
38
39
55
41
56
42
43
43
57
58
44
59
45
46
47
32
48
33
48
60
49
61
61
62
62
50
51
36
52
53
54
54
38
39
55
56
56
63
57
57
57
58
44
59
64
65
47
66
66
33
48
67
49
61
61
62
62
62
51
68
69
70
54
54
71
71
55
56
72
63
73
73
74
75
76
59
64
65
47
66
66
77
78
67
79
79
80
80
81
81
51
68
69
70
82
82
71
71
55
72
72
63
73
73
73
75
76
59
83
65
47
84
85
77
78
86
79
79
80
80
81
81
87
68
69
88
82
82
89
89
90
91
91
92
63
93
93
94
76
95
83
65
96
84
85
97
85
86
98
98
99
99
100
81
87
68
69
88
101
101
102
89
90
91
92
92
103
103
104
105
76
95
106
107
96
84
108
97
109
110
98
98
99
99
100
100
111
112
113
114
101
101
102
115
116
117
92
118
103
103
103
105
119
120
121
107
96
122
108
123
109
110
124
125
125
126
100
100
127
112
113
114
128
128
129
115
116
117
117
118
130
130
130
105
131
120
121
107
96
122
122
123
108
132
124
125
125
126
100
133
127
112
134
135
128
128
129
136
137
117
117
118
130
130
138
139
131
120
140
96
96
122
122
123
108
132
124
124
126
126
100
133
127
112
134
135
128
129
129
136
137
117
117
118
130
130
138
2
2
4
4
5
5
5
7
7
7
9
9
9
9
10
10
10
10
11
11
11
11
11
141
141
13
141
14
14
14
15
16
14
142
16
142
142
142
143
17
17
18
143
143
143
18
20
20
23
23
19
19
19
20
20
20
20
42
42
22
22
22
22
23
23
2
4
4
4
5
5
5
5
7
7
7
9
9
9
9
9
10
9
10
10
10
10
11
10
11
11
11
11
11
11
141
11
141
14
141
14
14
14
14
16
15
14
142
142
142
17
143
142
143
17
39
143
143
143
143
143
18
18
20
18
20
19
23
19
19
19
19
19
21
20
21
21
21
21
42
21
42
22
22
22
22
22
22
22
23
2
2
2
32
5
32
27
27
7
27
7
9
7
7
28
9
28
10
28
35
10
35
35
29
35
29
29
29
29
30
11
141
141
141
141
141
13
14
141
37
14
37
37
142
37
144
142
142
144
144
17
142
143
144
145
17
39
18
143
145
145
145
18
20
20
20
19
23
19
19
19
19
19
21
20
21
21
21
21
42
21
42
22
43
43
43
43
43
23
23
23
25
31
32
32
32
27
32
27
27
7
27
7
7
7
28
28
28
35
28
35
35
35
35
29
35
29
29
29
29
30
29
29
29
146
146
146
36
141
37
52
37
36
37
37
37
53
37
144
16
16
144
144
38
144
145
144
145
39
38
39
39
145
145
145
145
145
39
41
41
41
19
23
40
40
19
40
40
40
41
41
41
42
41
42
42
42
42
43
43
43
43
43
43
23
23
31
31
46
46
47
47
47
32
32
48
48
27
49
49
49
49
49
28
28
35
28
35
35
61
61
50
35
50
50
50
50
50
50
146
146
146
36
52
52
52
36
37
37
52
53
53
53
37
144
37
147
54
147
147
38
147
148
39
38
38
39
145
148
145
145
148
148
39
41
41
41
40
57
40
40
55
40
55
56
41
56
42
56
42
42
42
42
43
57
57
57
57
57
23
57
57
59
46
46
46
47
66
48
48
49
48
49
49
49
49
49
49
61
61
61
61
61
61
62
62
62
50
62
50
50
50
146
146
146
52
52
52
149
149
52
53
53
149
147
147
147
54
148
147
148
38
38
148
148
148
148
148
39
71
56
56
56
40
40
40
55
55
55
55
56
56
56
56
56
56
63
63
63
57
57
57
57
57
57
74
74
59
59
59
47
66
66
66
48
49
48
49
49
49
49
49
49
49
61
61
61
61
80
80
62
62
62
62
62
62
51
50
62
150
146
146
146
68
69
52
69
149
149
69
147
149
151
147
147
151
151
54
147
148
151
152
71
71
71
148
152
152
152
71
56
56
56
74
74
74
55
55
55
55
56
56
56
72
72
72
63
63
63
73
73
73
74
73
74
74
74
74
44
59
47
47
84
66
84
66
78
78
78
78
78
78
79
79
79
79
79
79
80
80
80
80
80
80
81
81
81
51
150
81
150
150
150
150
68
52
69
150
69
70
149
149
69
70
149
151
82
82
151
151
82
151
152
151
152
71
71
71
71
152
152
152
152
152
89
72
72
72
74
74
74
55
55
55
55
55
72
72
72
72
72
72
63
63
63
73
73
73
73
73
73
73
93
59
95
65
96
84
47
96
84
84
85
85
85
78
78
78
78
78
79
79
79
79
79
80
80
80
80
80
80
81
81
81
81
153
150
150
150
68
69
150
69
88
149
149
69
88
88
88
149
151
149
154
82
154
154
82
154
155
89
89
89
89
152
116
152
152
155
116
89
91
91
91
93
93
93
90
90
90
90
91
91
91
92
91
92
63
92
63
93
63
93
93
93
93
93
93
93
95
96
65
96
96
84
85
85
85
85
85
85
85
85
98
98
98
98
98
99
99
99
99
99
99
81
100
81
81
153
153
153
153
69
113
69
156
156
69
88
88
156
154
154
154
101
155
154
155
102
102
116
116
116
155
116
89
115
91
91
91
90
90
90
90
90
90
90
91
91
91
92
92
92
92
92
92
103
103
103
104
103
104
104
104
95
95
120
96
84
84
108
108
109
109
109
109
109
109
98
98
98
98
98
98
99
99
99
99
99
99
100
100
100
111
153
100
153
153
153
153
112
113
113
113
156
156
113
154
156
156
154
154
156
157
101
154
155
157
155
102
102
102
116
116
155
116
115
115
115
115
104
104
104
104
104
104
116
117
117
117
92
92
92
118
118
118
103
103
103
103
103
103
104
103
104
119
120
96
96
96
122
122
122
108
109
109
109
109
109
124
124
124
125
125
125
125
125
125
126
126
126
100
100
100
127
153
100
153
113
153
113
112
113
113
113
113
114
134
134
113
114
134
156
128
128
156
157
128
157
155
157
155
129
129
129
102
116
157
116
155
157
136
115
115
115
137
138
137
104
104
137
137
116
117
117
117
117
117
117
118
118
118
130
130
130
130
130
130
130
138
120
120
107
107
96
96
96
122
122
122
122
108
108
108
124
124
124
124
124
125
125
125
125
125
125
126
126
126
100
100
100
133
133
133
133
133
112
133
133
134
135
134
134
134
135
135
135
134
156
134
157
128
157
157
128
157
157
129
129
129
136
157
157
155
157
157
157
136
117
117
117
138
138
137
137
137
137
137
117
117
117
117
117
117
118
118
118
130
130
130
130
130
130
138
130
138
120
96
96
96
96
122
122
108
108
108
108
124
108
124
124
124
124
124
124
126
126
126
126
126
126
100
100
100
133
133
133
133
133
134
134
134
134
134
134
135
135
134
157
157
157
129
157
157
157
129
129
157
157
157
157
157
136
136
136
136
136
138
138
138
137
137
137
137
117
117
117
117
117
117
118
118
118
130
130
130
130
130
130
138
138
158
158
158
1
1
1
0
0
2
3
3
5
7
6
8
9
8
159
159
160
12
12
11
141
141
15
14
142
142
142
142
143
17
20
23
23
19
161
161
162
162
25
24
0
6
6
6
5
6
9
159
159
160
163
30
11
141
13
14
143
39
18
143
18
23
19
24
161
161
162
162
25
0
31
26
26
26
164
164
33
27
27
6
7
165
160
163
163
30
146
37
144
144
144
145
39
39
41
23
23
166
166
162
167
167
58
26
26
164
27
27
34
34
49
165
160
163
168
30
50
146
52
144
144
144
145
39
39
41
40
40
58
169
166
170
167
167
58
64
31
164
164
48
48
60
60
49
171
165
172
163
168
168
50
146
52
36
149
147
147
147
147
148
39
56
40
57
40
169
166
170
167
44
64
64
164
164
33
66
60
49
171
172
173
168
168
146
52
70
149
148
71
71
148
56
74
55
75
169
174
170
175
167
64
59
45
45
77
77
77
77
78
78
77
78
171
172
173
173
173
150
149
151
151
151
152
71
71
72
74
93
169
174
170
175
175
83
176
176
176
85
78
77
86
78
177
177
172
173
87
150
150
150
151
151
151
152
89
89
91
93
90
94
94
174
178
175
76
83
83
95
176
106
85
85
97
86
85
86
177
179
111
111
87
153
153
150
88
156
154
154
154
154
155
89
91
90
93
90
94
174
178
175
175
83
83
106
180
97
108
110
109
177
179
111
111
111
153
113
114
156
155
102
102
116
115
104
104
105
94
181
178
178
119
83
120
121
121
121
180
180
123
108
108
110
109
179
179
182
182
182
113
134
156
156
157
155
102
102
115
137
104
181
181
181
178
119
139
121
121
180
108
108
132
132
124
182
182
182
182
182
133
133
133
156
157
157
155
102
102
117
138
137
139
181
181
131
131
119
139
140
120
140
180
108
108
132
132
124
132
183
183
183
127
127
133
133
133
135
134
157
157
157
157
157
129
136
138
138
137
0
0
0
158
158
158
158
158
158
1
1
1
1
1
1
1
1
3
0
3
0
2
2
2
3
3
3
3
6
5
5
6
6
6
6
7
6
8
8
8
9
8
8
8
159
159
160
160
12
12
12
12
12
12
12
13
15
15
16
16
17
18
18
158
0
158
158
158
158
158
158
161
158
161
158
1
162
1
1
1
1
1
1
1
1
1
1
2
3
3
0
0
3
0
0
2
2
4
4
3
3
3
3
4
3
3
5
6
6
6
5
5
5
6
6
6
5
6
6
6
7
8
6
8
8
8
8
9
159
159
159
159
159
160
159
160
12
160
12
12
12
12
12
12
12
12
12
12
13
13
13
15
13
15
53
16
16
16
17
17
17
39
18
18
18
24
24
24
24
24
161
161
161
161
161
158
161
158
162
162
162
25
162
25
25
25
25
25
25
25
26
26
0
0
26
24
0
2
2
4
4
4
3
3
26
26
4
32
32
3
3
164
32
164
6
5
27
6
6
5
27
6
6
6
27
8
8
6
8
8
8
8
8
159
159
159
159
165
160
160
160
163
163
163
30
163
30
30
30
13
30
13
13
13
15
13
15
15
53
53
16
16
16
17
17
39
18
18
18
24
24
24
24
24
161
24
161
161
161
166
162
166
162
162
162
162
25
162
25
25
25
25
25
25
0
0
26
0
31
31
31
31
31
31
26
26
32
46
164
26
164
6
6
6
27
27
33
6
27
6
33
34
27
34
34
34
7
34
34
34
34
165
34
165
165
165
165
160
160
160
163
163
163
30
163
30
30
30
13
30
13
36
36
15
36
15
15
53
16
38
38
39
39
39
58
58
24
24
58
58
166
58
166
166
166
166
162
166
162
167
162
167
167
167
167
44
167
44
31
44
31
45
45
0
45
45
45
31
31
46
31
46
26
26
46
164
164
164
164
164
164
32
48
33
33
164
34
60
33
27
60
60
49
34
34
60
67
28
165
34
165
165
165
165
160
160
160
168
163
168
30
168
30
51
30
51
36
51
36
36
36
53
36
53
16
54
38
38
39
39
39
58
58
58
58
58
58
169
169
169
166
166
166
170
170
170
167
167
167
44
167
44
44
44
44
59
45
45
45
45
45
64
64
31
59
46
46
45
45
45
45
47
164
164
47
164
164
164
32
66
48
33
33
164
48
60
60
33
48
60
60
67
60
67
171
49
171
171
165
165
165
172
172
172
163
163
163
168
168
168
51
168
51
36
51
36
36
36
36
53
36
53
70
54
54
54
54
54
38
38
38
39
71
58
58
64
75
75
58
58
169
169
169
166
166
166
170
170
170
167
167
167
44
167
44
44
44
44
45
45
64
64
64
64
64
59
59
65
65
65
45
45
45
77
46
46
47
164
164
77
47
77
164
66
66
164
33
66
66
60
60
33
48
67
67
60
67
171
67
67
171
171
171
171
171
171
172
172
172
173
173
173
168
168
168
51
168
68
51
68
70
70
70
70
70
70
70
70
54
54
54
54
54
71
71
71
71
64
64
75
75
75
75
75
75
169
169
169
174
174
174
170
170
170
167
175
175
175
76
76
76
76
64
64
64
64
59
59
65
59
65
65
83
176
46
46
77
176
176
77
77
77
84
66
77
77
66
77
77
77
78
67
67
77
78
67
67
67
86
67
67
67
171
171
171
172
172
172
173
173
173
173
173
173
173
51
68
51
68
88
88
70
88
88
70
70
82
82
82
71
71
89
83
83
75
75
75
75
75
75
75
169
169
169
174
174
174
170
170
170
175
175
76
76
76
76
76
76
95
83
83
83
83
83
83
95
95
65
95
65
176
176
46
176
176
176
176
77
176
84
85
77
77
77
77
77
77
85
77
86
78
86
86
86
86
79
86
86
177
177
177
177
172
177
172
172
172
172
87
173
87
87
87
87
68
87
68
88
88
88
88
88
82
82
82
82
89
89
89
94
94
94
94
94
94
94
94
94
174
174
174
178
178
178
76
175
175
76
175
76
95
76
95
95
83
106
83
83
83
83
83
95
95
65
65
176
176
106
106
96
106
106
96
106
106
106
84
84
85
97
97
106
85
97
97
97
85
86
97
86
86
86
86
98
177
177
177
177
177
179
179
179
111
111
111
87
111
87
87
87
87
68
87
68
68
68
68
88
88
88
88
101
101
101
101
101
89
102
89
89
115
94
105
105
105
105
94
94
94
94
94
174
174
174
178
178
178
175
175
119
76
119
119
95
119
119
106
106
83
83
106
83
83
95
120
107
107
107
106
106
106
106
96
107
96
106
106
106
96
106
106
84
108
180
97
108
108
97
97
97
108
110
110
110
110
110
110
110
110
179
179
177
177
177
179
179
179
111
111
111
111
111
111
111
111
112
111
112
114
114
114
114
114
114
114
114
101
101
101
101
101
102
102
115
115
83
139
105
139
105
105
105
105
94
181
181
181
181
181
178
178
178
119
178
178
119
119
119
119
120
83
83
121
139
120
120
107
120
107
107
121
121
107
107
180
121
180
180
180
180
122
108
123
180
108
97
123
97
108
110
110
110
109
110
110
110
110
179
110
179
179
179
179
179
179
179
182
182
182
182
182
182
182
127
112
127
112
112
112
114
135
135
114
114
128
128
128
102
115
136
139
139
105
105
139
139
105
139
181
181
181
181
181
181
131
181
131
131
178
131
131
131
119
131
120
131
120
121
121
83
140
140
140
120
120
107
120
107
121
121
107
180
180
180
180
180
180
122
122
123
123
180
97
123
123
108
132
132
108
132
182
132
132
124
182
132
182
182
182
182
182
182
182
182
182
127
182
127
127
127
127
127
112
127
112
112
112
135
135
135
128
128
128
128
136
136
136
139
139
139
139
181
139
181
181
181
181
181
181
131
131
131
131
131
131
131
131
131
120
120
120
120
121
140
140
140
140
139
140
120
120
96
96
140
140
140
140
96
140
180
96
180
180
180
122
122
122
123
123
180
108
123
123
123
108
132
123
132
132
183
183
124
183
183
183
183
183
183
183
183
183
183
183
127
127
127
127
127
127
112
127
112
112
112
112
135
135
135
135
128
128
128
129
129
129
129
136
136
136
)


673
(
0
1
2
3
4
5
6
7
8
9
10
11
12
13
14
15
16
0
1
17
18
19
17
18
20
21
22
19
19
0
21
22
22
22
17
17
0
1
2
3
23
24
20
23
24
25
4
5
26
27
25
27
28
26
27
29
30
28
6
31
29
30
32
33
31
7
34
32
33
35
36
34
8
37
35
9
38
10
37
10
39
38
10
40
41
39
11
42
40
43
44
12
42
12
45
44
12
46
47
45
13
48
46
49
50
51
48
14
52
50
53
54
55
52
14
56
54
15
57
58
56
59
60
57
58
61
62
60
16
63
1
1
1
21
64
21
65
21
64
17
17
17
18
18
18
19
19
19
66
17
66
66
66
18
20
64
67
66
68
2
3
69
70
71
25
4
5
72
73
74
75
74
75
6
76
77
78
79
78
79
7
80
81
82
83
82
83
8
84
85
86
83
86
87
9
88
89
90
87
90
91
10
92
93
90
91
94
95
11
96
97
94
95
98
99
100
101
102
98
99
103
104
13
105
106
103
104
107
108
14
109
110
107
108
111
112
15
113
114
111
112
111
112
16
65
64
67
65
2
2
2
3
3
3
67
70
67
115
65
70
23
23
116
24
117
24
20
68
68
68
23
25
68
68
24
25
69
115
70
115
116
116
4
117
5
117
69
73
69
118
115
73
116
4
26
74
27
119
117
71
25
71
71
4
120
75
71
71
27
28
72
118
73
118
121
26
121
119
119
119
72
77
72
77
118
77
121
121
29
74
74
119
30
119
31
28
31
75
75
31
31
6
31
76
122
76
122
123
29
123
30
124
124
76
81
76
122
122
81
123
123
32
78
78
124
33
124
125
125
125
79
79
125
125
7
34
80
122
81
126
127
32
32
33
36
36
80
85
80
126
126
85
127
35
127
82
82
36
36
36
128
34
128
83
83
128
128
8
37
84
126
85
129
127
127
35
36
9
130
84
89
84
129
129
89
127
38
38
86
86
10
130
130
131
37
131
87
87
131
131
10
39
88
129
89
132
133
38
133
130
41
41
88
93
88
132
132
93
133
133
40
90
90
41
43
41
134
39
134
91
91
134
134
10
42
92
132
93
135
136
40
40
43
43
43
92
97
92
135
135
97
136
44
136
94
94
43
12
43
137
42
42
95
95
137
45
11
137
96
135
97
138
44
136
44
12
100
100
96
102
96
138
138
102
44
44
46
98
98
47
47
47
137
137
45
99
99
137
48
100
48
101
138
102
139
140
46
140
49
49
49
101
106
101
139
139
106
140
140
50
103
103
51
51
51
141
48
48
104
104
141
52
13
141
105
139
106
142
143
50
143
53
53
53
105
110
105
142
142
110
143
143
54
107
107
55
55
55
56
141
52
108
108
56
56
14
56
109
142
110
144
145
54
145
15
15
15
109
114
109
144
144
114
145
145
57
111
111
59
58
59
146
56
146
112
112
146
146
59
60
113
144
114
147
61
57
61
58
62
62
113
147
113
147
147
147
61
61
61
111
111
62
62
62
63
60
63
112
112
63
63
16
63
)


673
(
0
1
2
3
4
5
6
7
8
9
10
11
12
13
14
15
16
17
18
19
15
17
19
16
16
17
20
21
20
17
21
21
22
22
21
0
0
0
23
24
18
19
25
26
24
19
26
2
27
25
26
28
29
26
30
27
31
28
32
33
30
34
31
35
32
36
37
34
38
35
39
36
40
6
38
41
39
42
40
43
7
44
44
42
45
43
46
47
48
48
45
45
46
49
9
48
50
51
10
49
52
10
50
53
10
11
52
54
11
55
56
11
12
54
57
12
56
58
12
59
57
60
59
58
61
59
62
60
63
62
61
64
14
14
16
16
16
65
65
18
65
20
65
14
15
15
22
66
22
66
20
67
20
68
67
1
66
66
69
1
1
69
70
2
71
2
71
2
72
73
3
74
3
74
3
75
76
4
77
4
75
4
77
78
5
79
5
80
5
79
81
82
83
82
84
82
83
85
7
86
42
87
47
86
88
47
89
8
90
8
89
91
9
89
51
92
93
94
95
93
94
96
97
93
94
98
99
100
101
102
99
100
103
104
105
59
106
104
105
107
13
108
13
109
13
108
23
23
18
110
110
111
111
112
110
110
25
111
112
111
23
24
24
68
67
68
67
112
69
71
69
71
68
71
112
113
71
2
29
114
25
114
114
25
115
114
114
28
116
114
115
117
118
29
29
29
113
70
113
115
71
70
72
72
72
113
70
115
30
74
27
27
32
28
116
32
116
118
118
32
32
32
119
116
120
118
33
33
33
121
73
30
121
74
73
75
75
75
121
73
121
34
75
31
31
122
122
119
122
119
120
120
122
122
36
123
119
124
120
37
37
37
125
76
34
125
75
76
77
77
80
125
76
125
38
80
35
35
126
36
123
126
123
124
124
126
126
40
127
123
128
124
6
6
6
41
78
38
41
80
78
79
79
84
41
78
41
129
84
39
39
130
40
127
130
127
128
128
130
130
43
131
127
132
128
82
7
82
129
81
129
44
84
81
83
83
87
129
81
44
133
87
42
42
134
43
131
134
131
132
132
134
134
46
135
131
136
132
47
47
47
133
85
133
48
87
85
86
86
90
133
85
48
137
90
45
45
138
46
135
138
135
136
136
138
138
49
139
135
140
136
8
9
8
137
88
137
137
90
88
89
89
92
137
88
137
50
92
51
51
141
49
139
141
139
140
140
141
141
52
142
139
143
140
51
93
93
53
91
50
53
92
91
94
94
97
53
91
53
53
97
96
96
144
52
142
52
142
143
143
144
54
144
145
142
146
143
96
93
93
55
95
53
55
97
95
94
94
102
55
95
55
56
102
101
101
144
144
145
54
145
146
146
144
57
57
147
145
148
146
101
99
99
149
98
56
149
102
98
100
100
106
149
98
149
58
106
59
59
150
57
147
150
147
148
148
150
150
60
151
147
152
148
59
104
104
153
103
58
153
106
103
105
105
109
153
103
153
61
109
62
62
63
60
151
63
151
152
152
63
63
63
151
151
152
152
62
62
62
64
107
61
64
109
107
108
108
107
64
107
64
64
107
)


673
(
0
1
2
3
4
5
6
7
8
9
10
11
12
13
12
14
15
16
17
16
18
19
20
21
22
23
24
25
0
26
26
27
28
29
30
31
32
33
32
33
33
33
27
27
27
1
1
29
1
1
1
0
2
34
34
28
35
31
36
35
4
37
37
35
38
35
39
37
40
6
38
41
42
40
43
8
41
44
9
43
45
10
44
46
11
45
47
12
48
49
13
50
50
15
49
51
14
52
17
17
51
53
16
17
54
18
53
55
19
56
57
20
55
58
21
59
60
22
58
61
62
60
63
22
61
64
23
63
65
24
64
66
25
0
0
0
26
26
26
26
32
67
32
67
33
68
27
29
28
30
30
30
69
29
69
67
67
70
70
3
3
3
2
71
72
72
73
5
5
5
4
74
75
75
76
7
7
77
7
6
77
78
79
76
79
80
42
81
9
8
81
82
83
84
83
85
80
81
11
10
86
87
88
89
88
90
85
86
13
12
91
92
93
94
93
95
90
91
14
12
96
97
98
99
98
100
95
96
16
15
101
102
98
103
104
105
100
101
105
106
107
108
104
108
109
110
19
107
110
18
111
112
109
113
114
62
21
111
62
20
115
116
114
117
114
118
118
115
23
22
115
119
120
121
120
25
118
122
25
24
122
2
2
2
34
123
34
34
68
68
28
124
124
70
72
70
72
68
72
124
124
125
69
69
31
36
36
36
36
31
36
123
4
123
37
126
123
37
71
72
125
125
125
71
73
73
73
71
75
127
127
128
38
5
5
127
39
5
39
77
39
127
129
126
126
126
126
40
126
6
74
75
130
128
38
130
128
74
76
76
76
74
76
130
130
131
41
128
42
42
42
77
77
40
132
132
132
43
132
8
78
76
133
131
41
133
131
78
79
79
84
78
84
133
133
134
44
131
80
9
80
81
81
43
135
135
135
45
135
10
82
84
46
134
44
46
134
82
83
83
89
82
89
46
46
136
46
134
85
11
85
86
86
45
47
47
47
137
47
12
87
89
48
136
46
48
136
87
88
88
94
87
94
48
48
138
49
136
90
13
90
91
91
137
50
137
50
137
137
12
92
94
139
138
49
139
138
92
93
93
99
92
99
139
139
140
51
138
95
14
95
96
96
137
52
52
52
17
52
15
97
99
141
140
51
51
140
97
98
98
103
97
103
141
53
142
141
140
100
16
100
101
101
17
106
106
54
54
54
106
102
103
53
142
141
53
142
102
104
104
108
102
108
53
53
143
55
142
105
105
19
107
107
56
56
56
57
57
57
18
108
108
144
143
55
144
143
108
109
109
113
108
113
144
144
145
58
143
110
110
21
111
111
59
59
59
60
146
59
20
112
113
147
145
58
147
145
112
114
114
117
112
117
147
147
148
61
145
62
62
118
115
115
146
60
146
63
63
146
22
116
117
149
148
61
149
148
116
120
120
121
116
121
149
149
150
64
148
118
23
118
122
122
63
65
65
65
65
65
24
119
121
66
150
64
66
150
119
120
120
119
119
119
66
66
150
66
150
25
25
25
122
122
)


673
(
0
1
2
3
4
5
6
7
8
9
10
11
12
13
14
15
16
17
18
19
20
21
22
23
24
25
26
27
28
29
30
31
32
33
31
32
0
34
0
0
35
30
30
28
34
35
35
35
1
1
1
31
36
33
4
37
38
4
37
4
5
38
39
40
41
42
39
40
43
44
6
45
43
44
46
47
8
48
46
47
49
50
12
13
49
50
51
52
14
15
51
52
53
54
16
17
53
54
19
55
18
19
19
55
21
56
20
21
21
56
23
57
22
23
23
57
58
59
24
60
58
59
61
62
63
25
61
62
61
64
26
65
30
30
30
29
66
28
66
66
66
29
33
0
34
28
31
67
34
29
68
32
34
32
67
2
67
2
69
2
3
3
3
70
71
72
70
73
5
5
5
74
75
41
76
6
77
76
7
7
7
78
79
74
80
8
81
80
9
9
9
10
82
78
83
10
84
83
11
11
11
85
86
12
87
85
88
87
89
89
89
14
90
14
91
14
92
91
15
93
93
94
95
16
91
94
96
97
17
98
98
18
99
18
97
18
100
101
102
103
102
104
105
20
101
22
106
107
108
109
108
104
110
104
107
22
111
112
113
60
113
63
114
24
112
63
115
116
113
25
27
117
118
117
116
26
119
116
27
27
27
66
120
31
33
120
120
36
120
72
121
120
120
36
38
68
67
69
68
72
69
72
72
73
69
36
122
37
68
37
73
121
121
70
121
38
123
5
123
70
124
125
76
123
123
42
40
71
122
73
122
41
71
41
41
77
71
42
126
42
122
42
77
125
125
44
40
44
39
127
76
125
76
44
44
39
44
75
126
77
126
74
75
6
74
81
75
45
81
45
126
45
81
127
127
128
128
128
43
129
80
127
80
128
128
43
47
79
130
79
130
78
79
8
78
84
79
48
130
48
130
48
84
129
129
131
47
131
46
132
83
129
83
131
131
46
50
82
130
84
133
10
82
10
12
88
82
13
133
13
133
13
88
132
132
134
50
134
49
135
87
132
87
134
134
49
52
86
133
88
136
85
86
85
14
92
86
89
136
15
136
15
92
135
135
137
52
137
51
138
91
135
91
137
137
51
54
90
136
92
139
14
90
14
16
96
90
93
139
17
139
93
96
138
138
140
54
140
53
141
97
138
97
140
140
53
55
95
139
96
142
94
95
94
94
100
95
98
142
102
142
98
100
141
141
143
55
55
103
144
101
141
101
143
56
103
143
99
142
100
145
18
99
18
20
106
99
103
145
108
145
102
106
144
144
56
143
56
109
146
107
144
107
56
56
109
57
105
145
106
147
104
105
22
104
111
105
109
147
108
147
108
111
146
146
148
57
148
60
149
112
146
112
148
148
60
59
110
147
111
150
24
110
22
24
115
110
60
150
113
150
113
115
149
149
151
59
151
58
152
116
149
116
151
151
58
62
114
150
115
153
63
114
63
117
119
114
25
153
27
153
27
119
152
152
64
62
64
61
152
116
152
116
64
64
61
64
118
153
119
154
117
118
26
117
154
118
65
154
65
154
65
154
)


128
(
0
1
2
3
4
5
6
7
8
9
10
11
12
13
14
15
16
17
18
19
20
21
22
23
24
25
26
27
28
29
30
31
32
5
6
7
11
12
12
13
14
15
33
19
34
35
21
35
36
22
23
37
38
37
26
39
25
27
27
28
29
30
31
40
41
42
43
43
3
44
44
45
9
9
8
10
46
47
48
49
50
50
16
16
33
36
51
51
38
24
24
52
31
39
0
53
53
40
40
41
42
43
1
2
3
3
32
4
5
45
54
54
8
8
46
55
55
47
47
48
49
50
17
18
34
20
21
52
)

)


// ************************************************************************* //
