# Region type : patch shield
# Faces       : 3456
# Area        : 5.674152e-01
# Scale factor: 1.000000e+00
# Time        	areaIntegrate(wallHeatFlux)
50            	-7.436791e-01
100           	-7.436371e-01
150           	-7.436226e-01
200           	-7.436162e-01
250           	-7.436130e-01
300           	-7.436112e-01
350           	-7.436102e-01
400           	-7.436095e-01
450           	-7.436091e-01
500           	-7.436088e-01
550           	-7.436085e-01
600           	-7.436084e-01
650           	-7.436083e-01
700           	-7.436082e-01
750           	-7.436081e-01
800           	-7.436081e-01
850           	-7.436080e-01
900           	-7.436080e-01
950           	-7.436080e-01
1000          	-7.436079e-01
1050          	-7.436079e-01
1100          	-7.436079e-01
1150          	-7.436079e-01
1200          	-7.436079e-01
1250          	-7.436079e-01
1300          	-7.436079e-01
1350          	-7.436079e-01
1400          	-7.436079e-01
1450          	-7.436079e-01
1500          	-7.436079e-01
1550          	-7.436079e-01
1600          	-7.436079e-01
1650          	-7.436079e-01
1700          	-7.436079e-01
1750          	-7.436079e-01
1800          	-7.436079e-01
1850          	-7.436079e-01
1900          	-7.436079e-01
1950          	-7.436079e-01
2000          	-7.436079e-01
2050          	-7.436079e-01
2100          	-7.436079e-01
2150          	-7.436079e-01
2200          	-7.436079e-01
2250          	-7.436079e-01
2300          	-7.436079e-01
2350          	-7.436079e-01
2400          	-7.436079e-01
2450          	-7.436079e-01
2500          	-7.436079e-01
2550          	-7.436079e-01
2600          	-7.436079e-01
2650          	-7.436079e-01
2700          	-7.436079e-01
2750          	-7.436079e-01
2800          	-7.436079e-01
2850          	-7.436079e-01
2900          	-7.436079e-01
