# Region type : patch inlet
# Faces         : 3645
# Area          : 5.00000000e-04
# Scale factor  : 1.00000000e+00
# Time          	areaAverage(T)
100             	4.50000000e+01
200             	4.50000000e+01
300             	4.50000000e+01
400             	4.50000000e+01
500             	4.50000000e+01
600             	4.50000000e+01
700             	4.50000000e+01
800             	4.50000000e+01
900             	4.50000000e+01
1000            	4.50000000e+01
1100            	4.50000000e+01
1200            	4.50000000e+01
1300            	4.50000000e+01
1400            	4.50000000e+01
1500            	4.50000000e+01
1600            	4.50000000e+01
1700            	4.50000000e+01
1800            	4.50000000e+01
1900            	4.50000000e+01
2000            	4.50000000e+01
2100            	4.50000000e+01
2200            	4.50000000e+01
2300            	4.50000000e+01
2400            	4.50000000e+01
2500            	4.50000000e+01
2600            	4.50000000e+01
2700            	4.50000000e+01
2800            	4.50000000e+01
2900            	4.50000000e+01
3000            	4.50000000e+01
3100            	4.50000000e+01
3200            	4.50000000e+01
3300            	4.50000000e+01
3400            	4.50000000e+01
3500            	4.50000000e+01
3600            	4.50000000e+01
3700            	4.50000000e+01
3800            	4.50000000e+01
3900            	4.50000000e+01
4000            	4.50000000e+01
4100            	4.50000000e+01
4200            	4.50000000e+01
4300            	4.50000000e+01
4400            	4.50000000e+01
4500            	4.50000000e+01
4600            	4.50000000e+01
4700            	4.50000000e+01
4800            	4.50000000e+01
4900            	4.50000000e+01
5000            	4.50000000e+01
5100            	4.50000000e+01
5200            	4.50000000e+01
5300            	4.50000000e+01
5400            	4.50000000e+01
5500            	4.50000000e+01
5600            	4.50000000e+01
5700            	4.50000000e+01
5800            	4.50000000e+01
5900            	4.50000000e+01
6000            	4.50000000e+01
