# Region type : patch inlet
# Faces         : 1620
# Area          : 5.00000000e-04
# Scale factor  : 1.00000000e+00
# Time          	areaAverage(T)
6100            	4.50000000e+01
6200            	4.50000000e+01
6300            	4.50000000e+01
6400            	4.50000000e+01
6500            	4.50000000e+01
6600            	4.50000000e+01
6700            	4.50000000e+01
6800            	4.50000000e+01
6900            	4.50000000e+01
7000            	4.50000000e+01
7100            	4.50000000e+01
7200            	4.50000000e+01
7300            	4.50000000e+01
7400            	4.50000000e+01
7500            	4.50000000e+01
7600            	4.50000000e+01
7700            	4.50000000e+01
7800            	4.50000000e+01
7900            	4.50000000e+01
8000            	4.50000000e+01
8100            	4.50000000e+01
8200            	4.50000000e+01
8300            	4.50000000e+01
8400            	4.50000000e+01
8500            	4.50000000e+01
8600            	4.50000000e+01
8700            	4.50000000e+01
8800            	4.50000000e+01
8900            	4.50000000e+01
9000            	4.50000000e+01
9100            	4.50000000e+01
9200            	4.50000000e+01
9300            	4.50000000e+01
9400            	4.50000000e+01
9500            	4.50000000e+01
9600            	4.50000000e+01
9700            	4.50000000e+01
9800            	4.50000000e+01
9900            	4.50000000e+01
10000           	4.50000000e+01
