# Region type : patch OVC
# Faces       : 4320
# Area        : 2.582146e-01
# Scale factor: 1.000000e+00
# Time        	areaIntegrate(wallHeatFlux)
50            	1.588416e-03
100           	1.579722e-03
150           	1.577120e-03
200           	1.575924e-03
250           	1.575252e-03
300           	1.574830e-03
350           	1.574545e-03
400           	1.574345e-03
450           	1.574199e-03
500           	1.574092e-03
550           	1.574011e-03
600           	1.573950e-03
650           	1.573904e-03
700           	1.573868e-03
750           	1.573841e-03
800           	1.573820e-03
850           	1.573804e-03
900           	1.573792e-03
950           	1.573782e-03
1000          	1.573775e-03
1050          	1.573769e-03
1100          	1.573765e-03
1150          	1.573762e-03
1200          	1.573759e-03
1250          	1.573757e-03
1300          	1.573756e-03
1350          	1.573754e-03
1400          	1.573753e-03
1450          	1.573753e-03
1500          	1.573752e-03
1550          	1.573752e-03
1600          	1.573752e-03
1650          	1.573751e-03
1700          	1.573751e-03
1750          	1.573751e-03
1800          	1.573751e-03
1850          	1.573751e-03
1900          	1.573751e-03
1950          	1.573751e-03
2000          	1.573751e-03
2050          	1.573751e-03
2100          	1.573751e-03
2150          	1.573751e-03
2200          	1.573751e-03
2250          	1.573751e-03
2300          	1.573751e-03
2350          	1.573751e-03
2400          	1.573751e-03
2450          	1.573751e-03
2500          	1.573751e-03
2550          	1.573751e-03
2600          	1.573751e-03
2650          	1.573751e-03
2700          	1.573751e-03
2750          	1.573751e-03
2800          	1.573751e-03
2850          	1.573751e-03
2900          	1.573751e-03
2950          	1.573751e-03
3000          	1.573751e-03
3050          	1.573751e-03
3100          	1.573751e-03
3150          	1.573751e-03
3200          	1.573751e-03
3250          	1.573751e-03
3300          	1.573751e-03
3350          	1.573751e-03
3400          	1.573751e-03
3450          	1.573751e-03
3500          	1.573751e-03
3550          	1.573751e-03
3600          	1.573751e-03
3650          	1.573751e-03
3700          	1.573751e-03
3750          	1.573751e-03
3800          	1.573751e-03
