# Region type : patch OVC
# Faces       : 4320
# Area        : 2.582146e-01
# Scale factor: 1.000000e+00
# Time        	areaIntegrate(wallHeatFlux)
50            	1.501105e-03
100           	1.501269e-03
150           	1.504101e-03
200           	1.506002e-03
250           	1.506904e-03
300           	1.507476e-03
350           	1.507706e-03
400           	1.508032e-03
450           	1.508172e-03
500           	1.508052e-03
550           	1.508126e-03
600           	1.508476e-03
650           	1.508785e-03
700           	1.508961e-03
750           	1.509078e-03
800           	1.509199e-03
850           	1.509379e-03
900           	1.509564e-03
950           	1.509702e-03
1000          	1.509799e-03
1050          	1.509905e-03
1100          	1.510025e-03
1150          	1.510140e-03
1200          	1.510243e-03
1250          	1.510323e-03
1300          	1.510397e-03
1350          	1.510469e-03
1400          	1.510540e-03
1450          	1.510605e-03
1500          	1.510657e-03
1550          	1.510705e-03
1600          	1.510755e-03
1650          	1.510809e-03
1700          	1.510856e-03
1750          	1.510895e-03
1800          	1.510929e-03
1850          	1.510961e-03
1900          	1.510988e-03
1950          	1.511009e-03
2000          	1.511022e-03
